-4.184880229805347795e-01 1.343685244086517905e+00 -6.746771703096849926e+00 -6.730957252633555044e+00 -2.670620822319851762e+00 -6.705636070951332073e+00 1.040704675602716407e+03 2.000000000000000000e+00
-4.184879441055916471e-01 1.343712221808612606e+00 -6.746758553205311593e+00 -6.730942399085383165e+00 -2.670595609445976848e+00 -6.705619393618210466e+00 1.040704687191302583e+03 2.000000000000000000e+00
-4.184878472510982217e-01 1.343707990344363834e+00 -6.746738646209996304e+00 -6.730920177912344649e+00 -2.670548102031081950e+00 -6.705595167429905246e+00 1.040704696869565623e+03 2.000000000000000000e+00
-4.184877383567732201e-01 1.343702593734123818e+00 -6.746738400735806884e+00 -6.730919802857759926e+00 -2.670548492288802755e+00 -6.705594548385431786e+00 1.040704695426861690e+03 2.000000000000000000e+00
-4.184878636717149214e-01 1.343704299672047409e+00 -6.746733723310910591e+00 -6.730914899192390166e+00 -2.670535135421792994e+00 -6.705589815468666615e+00 1.040704698628997448e+03 2.000000000000000000e+00
-4.184825192441350428e-01 1.344460579976507919e+00 -6.750163010487395532e+00 -6.734748722296497014e+00 -2.678458747218290803e+00 -6.709788592873793256e+00 1.040704662447869168e+03 2.000000000000000000e+00
-4.184878390180324925e-01 1.343687452192159126e+00 -6.746765485499365056e+00 -6.730950083532662553e+00 -2.670610942008647459e+00 -6.705627934668022760e+00 1.040704678455927024e+03 2.000000000000000000e+00
-4.184876938063405438e-01 1.343686510951970670e+00 -6.746744270197456927e+00 -6.730926272834082624e+00 -2.670562793040005101e+00 -6.705601963545908539e+00 1.040704688885193491e+03 2.000000000000000000e+00
6.258799190030217563e-01 9.339047246057674556e-01 5.461255488059154395e+00 -5.062368523220819760e+00 -9.844470772234497069e-01 -4.960213263919014182e+00 1.157662768530474295e+03 2.000000000000000000e+00
-4.184876031620138326e-01 1.343695203989982989e+00 -6.746746955770348997e+00 -6.730929178145166780e+00 -2.670567925671436083e+00 -6.705604767410480171e+00 1.040704689277072248e+03 2.000000000000000000e+00
-4.184863267664449826e-01 1.343677086949516930e+00 -6.746757211470484350e+00 -6.730940736960478787e+00 -2.670585129591820817e+00 -6.705617378791609795e+00 1.040704682205655899e+03 2.000000000000000000e+00
-4.184877445264980067e-01 1.343629808132943193e+00 -6.746719720633025830e+00 -6.730898589452388947e+00 -2.670502460610434614e+00 -6.705571153914329230e+00 1.040704700079430040e+03 2.000000000000000000e+00
-4.184865501380031771e-01 1.343637239296948449e+00 -6.746760439056596503e+00 -6.730943835642740680e+00 -2.670594979972475080e+00 -6.705620403375238681e+00 1.040704681411618594e+03 2.000000000000000000e+00
-4.184879496828274870e-01 1.343707850367248158e+00 -6.746757479536958257e+00 -6.730941171622242258e+00 -2.670594479800240784e+00 -6.705618409594928053e+00 1.040704686365997532e+03 2.000000000000000000e+00
-4.184877521984142756e-01 1.343683842301825582e+00 -6.746751131590245976e+00 -6.730934167843864557e+00 -2.670572610217697651e+00 -6.705610555025176112e+00 1.040704685748830798e+03 2.000000000000000000e+00
-4.184869416509338635e-01 1.343654447253463280e+00 -6.746824483942718942e+00 -6.731015521780038036e+00 -2.670742459268956814e+00 -6.705698557889418154e+00 1.040704651937157223e+03 2.000000000000000000e+00
7.367101764779848683e-01 8.334263284571254982e-01 7.148651890061008540e-01 3.753929676598337206e+00 -5.258215006572602990e-01 -4.485730014000910870e+00 1.170056200451542963e+03 0.000000000000000000e+00
-4.184877061812925514e-01 1.343636755596470778e+00 -6.746764173123706243e+00 -6.730948426103892324e+00 -2.670602565234704961e+00 -6.705625982712654753e+00 1.040704679905493094e+03 2.000000000000000000e+00
-4.184879444663968107e-01 1.343709029060712101e+00 -6.746737271309220851e+00 -6.730918639910221657e+00 -2.670547729116870439e+00 -6.705593714952741813e+00 1.040704697532268710e+03 2.000000000000000000e+00
-4.184876209727487750e-01 1.343676383994387713e+00 -6.746717446333832413e+00 -6.730896403522546478e+00 -2.670496153930447925e+00 -6.705569068558395962e+00 1.040704701625836378e+03 2.000000000000000000e+00
