-3.422696444808019378e-01 7.657446861433884422e+00 -1.247362979844569431e+01 -1.232719888726308355e+01 -1.277396955192936545e+01 -1.364092934173214644e+01 8.244149110235692888e+02 2.000000000000000000e+00
-3.419983051444721589e-01 7.667828722943641928e+00 -1.248409360607429264e+01 -1.233766461818897398e+01 -1.278443480905601248e+01 -1.365137802867011629e+01 8.244143115042019190e+02 2.000000000000000000e+00
-3.420021469056777064e-01 7.706764268816518104e+00 -1.252316795651095482e+01 -1.237676754159994275e+01 -1.282351452398795821e+01 -1.369043143556797659e+01 8.244121254715229270e+02 2.000000000000000000e+00
-3.420527390514004895e-01 7.706808703977338304e+00 -1.252320692730663865e+01 -1.237680715195077852e+01 -1.282355356175083294e+01 -1.369047149151089471e+01 8.244121220533578480e+02 2.000000000000000000e+00
-3.419742121506580412e-01 7.637735515758456550e+00 -1.245388704757622733e+01 -1.230743583871860380e+01 -1.275422382054977533e+01 -1.362118892478590126e+01 8.244160613227599015e+02 2.000000000000000000e+00
-3.420223256148018920e-01 7.706808728566301170e+00 -1.252321032710276327e+01 -1.237681018875841943e+01 -1.282355692225895538e+01 -1.369047422315252760e+01 8.244121225822987071e+02 2.000000000000000000e+00
-3.420582889299595974e-01 7.706804516477289368e+00 -1.252320211033214292e+01 -1.237680239721103881e+01 -1.282354875154825002e+01 -1.369046680089694057e+01 8.244121222047019728e+02 2.000000000000000000e+00
-3.424322817039336941e-01 7.599003226763213270e+00 -1.241492556588622520e+01 -1.226845279806129341e+01 -1.271525724745360186e+01 -1.358226575552423121e+01 8.244184048081699530e+02 2.000000000000000000e+00
-3.420537958431934533e-01 7.670522575556204536e+00 -1.248678018886741548e+01 -1.234035686537302290e+01 -1.278712128028659301e+01 -1.365406753046757515e+01 8.244141570717010836e+02 2.000000000000000000e+00
-3.419553123268476713e-01 7.706679708928452222e+00 -1.252308830112281335e+01 -1.237668727027421234e+01 -1.282343479795604146e+01 -1.369035080413900829e+01 8.244121314290487135e+02 2.000000000000000000e+00
-3.419740592300436477e-01 7.706687050636692682e+00 -1.252309356561863751e+01 -1.237669276500784399e+01 -1.282344009345366764e+01 -1.369035647645147336e+01 8.244121304578452509e+02 2.000000000000000000e+00
-3.419068235246687792e-01 7.706464238430713820e+00 -1.252287743493783978e+01 -1.237647568142699228e+01 -1.282322385350022387e+01 -1.369013899499262088e+01 8.244121450481654847e+02 2.000000000000000000e+00
-3.423385693420876730e-01 7.706763884907155138e+00 -1.252313019445555042e+01 -1.237673376583944496e+01 -1.282347716624215472e+01 -1.369040102302008677e+01 8.244121275298379032e+02 2.000000000000000000e+00
-3.419686635743249270e-01 7.706819058690295599e+00 -1.252322667018320246e+01 -1.237682589687559620e+01 -1.282357320797729017e+01 -1.369048938765137891e+01 8.244121233469070376e+02 2.000000000000000000e+00
-3.424311606359116134e-01 7.590194393918877402e+00 -1.240608059501734317e+01 -1.225960100384915741e+01 -1.270641092209022105e+01 -1.357342636052661788e+01 8.244189482072490591e+02 2.000000000000000000e+00
-3.419524553373390341e-01 7.706724503795210346e+00 -1.252313357309698283e+01 -1.237673254211807894e+01 -1.282348007919473432e+01 -1.369039598824439885e+01 8.244121290549810510e+02 2.000000000000000000e+00
-3.419817217967820455e-01 7.706662458927077353e+00 -1.252306804978257482e+01 -1.237666732698810002e+01 -1.282341457635861381e+01 -1.369033114167828735e+01 8.244121315969457555e+02 2.000000000000000000e+00
-3.419774756905499813e-01 7.706852266583458899e+00 -1.252325901635119010e+01 -1.237685837378560372e+01 -1.282360556753175729e+01 -1.369052190934120006e+01 8.244121212650136385e+02 2.000000000000000000e+00
-3.419073668895900031e-01 7.706804835578248358e+00 -1.252321921359169998e+01 -1.237681770059850273e+01 -1.282356568067379321e+01 -1.369048059866003086e+01 8.244121262756522128e+02 2.000000000000000000e+00
-3.423234879205914183e-01 7.706569236825932201e+00 -1.252293651357868143e+01 -1.237653977421279095e+01 -1.282328344435629752e+01 -1.369020712738917922e+01 8.244121377346511963e+02 2.000000000000000000e+00
