9.910718044695648876e-02 1.980676190232819156e+00 1.653023895654668785e+00 1.731488059063357454e+00 1.655851741990993053e+00 2.040412716915054489e+03 2.000000000000000000e+00
9.938579076441195204e-02 1.986873269725095703e+00 1.646481217944379960e+00 1.734956073383227881e+00 1.657855780099246612e+00 2.040412680556598843e+03 2.000000000000000000e+00
9.908960822893234099e-02 1.984318980881757621e+00 1.652892734431034238e+00 1.722787529424190778e+00 1.659104032642321869e+00 2.040412761990291528e+03 2.000000000000000000e+00
9.942723855983531811e-02 1.979362237915778922e+00 1.654769577118518020e+00 1.732464410137722677e+00 1.658378355943321392e+00 2.040412706981066549e+03 2.000000000000000000e+00
9.909682631005137243e-02 1.980997519946215091e+00 1.651627371868445104e+00 1.729106408213186175e+00 1.655426367194891668e+00 2.040412769198894011e+03 2.000000000000000000e+00
9.936681464142918530e-02 1.987381492969606978e+00 1.651605784332047744e+00 1.722171794829368219e+00 1.660042479234051127e+00 2.040412749265501134e+03 2.000000000000000000e+00
9.912023437332144471e-02 1.981423960041454713e+00 1.649927481267223772e+00 1.735656778511393439e+00 1.657953445927462743e+00 2.040412689496950634e+03 2.000000000000000000e+00
9.900483957853611905e-02 1.988128121260163361e+00 1.653632526627042854e+00 1.721550987458824178e+00 1.658678062015596755e+00 2.040412789226621953e+03 2.000000000000000000e+00
9.910327816485432761e-02 1.986706990486174274e+00 1.654644088720548245e+00 1.721258241805501354e+00 1.659206289673429202e+00 2.040412797488869273e+03 2.000000000000000000e+00
9.947092825775413760e-02 1.990554630809754366e+00 1.650366441471089241e+00 1.742549357120038778e+00 1.665615264506173476e+00 2.040412763441333482e+03 2.000000000000000000e+00
9.911770955914779579e-02 1.986946176503796124e+00 1.653619683542309149e+00 1.723068414621442557e+00 1.657065227098799332e+00 2.040412742301658000e+03 2.000000000000000000e+00
9.937469019395309133e-02 1.987404312943967133e+00 1.656923150011001766e+00 1.731617397735997654e+00 1.652352272532265687e+00 2.040412716748561934e+03 2.000000000000000000e+00
9.909587653961704490e-02 1.990905598804786125e+00 1.648950298004091541e+00 1.741302350655455911e+00 1.664259078480225362e+00 2.040412723383404682e+03 2.000000000000000000e+00
9.911798575868793759e-02 1.984266951164538328e+00 1.646574003073617343e+00 1.733279317082157878e+00 1.663782148498325730e+00 2.040412674487571621e+03 2.000000000000000000e+00
9.940490166494836410e-02 1.993276923781187371e+00 1.654584061224007252e+00 1.743207867315894610e+00 1.662323354823887378e+00 2.040412759152390890e+03 2.000000000000000000e+00
9.938827413934818444e-02 1.991043106210584224e+00 1.655931115343593607e+00 1.723354232912326589e+00 1.657292475376395124e+00 2.040412746222972601e+03 2.000000000000000000e+00
9.936016853513554570e-02 1.980103281809183047e+00 1.652209709302484120e+00 1.733071081311493344e+00 1.657890887137838387e+00 2.040412686066165634e+03 2.000000000000000000e+00
9.940164970294589064e-02 1.988783927715284117e+00 1.660214898850841614e+00 1.738330286220923337e+00 1.667403040580967222e+00 2.040412702765238009e+03 2.000000000000000000e+00
9.907932363192668845e-02 1.997192289202511351e+00 1.654846584524374054e+00 1.728318763205409558e+00 1.662364523897907898e+00 2.040412714226645221e+03 2.000000000000000000e+00
9.941400874834725732e-02 1.988958026804887425e+00 1.655902454206579666e+00 1.742567916296108965e+00 1.667216481919206794e+00 2.040412749696119363e+03 2.000000000000000000e+00
9.910968279541172710e-02 1.986395818898319510e+00 1.646615988581207057e+00 1.735166633013049298e+00 1.665661191748063485e+00 2.040412677131345845e+03 2.000000000000000000e+00
9.938056615368476288e-02 1.985058538605449785e+00 1.658959727937485473e+00 1.725652432791380253e+00 1.657232214181798113e+00 2.040412725413156068e+03 2.000000000000000000e+00
9.939589569320572693e-02 1.988055596670275538e+00 1.661485492506813433e+00 1.736004728975602873e+00 1.666914838981359503e+00 2.040412693142820672e+03 2.000000000000000000e+00
9.912245652102910642e-02 1.984410282041024765e+00 1.653384659874298057e+00 1.722829924393737944e+00 1.659249659336304195e+00 2.040412749645187887e+03 2.000000000000000000e+00
9.911738359167471257e-02 1.984184012282328657e+00 1.651224674233071177e+00 1.723552550238240055e+00 1.660279161346305488e+00 2.040412734400787940e+03 2.000000000000000000e+00
9.910600827410528946e-02 1.985388962084875253e+00 1.655923725031091864e+00 1.722680063154925945e+00 1.664820726529974815e+00 2.040412751163135908e+03 2.000000000000000000e+00
9.935306038334426604e-02 1.987847572255641015e+00 1.652075974338920838e+00 1.721915587831281735e+00 1.663526490565067073e+00 2.040412752112235012e+03 2.000000000000000000e+00
9.939093329436192448e-02 1.983767962519405570e+00 1.652489155349159633e+00 1.742735203772232344e+00 1.663568438009896955e+00 2.040412744213301266e+03 2.000000000000000000e+00
9.912362908097657743e-02 1.987369422519803308e+00 1.648565625546314806e+00 1.724341435925759836e+00 1.663407043099250027e+00 2.040412723427429682e+03 2.000000000000000000e+00
9.907574360929377599e-02 1.993469010490479532e+00 1.657313309348243280e+00 1.737057319928426491e+00 1.668982820634952180e+00 2.040412724596167209e+03 2.000000000000000000e+00
