1.465193626017338602e+00 1.602873459314830829e+00 1.583828510492258701e+00 1.737437007814127465e+00 1.444987150706175338e+00 -8.877270349696315677e-01 -9.513430849338613271e-01 -9.965581323271784919e-01 -1.114553153038007949e+00 2.235062554332278523e+03 2.000000000000000000e+00
1.465241260118513855e+00 1.580464803940466068e+00 1.576732008372275340e+00 1.742164601799194079e+00 1.445940163645657250e+00 -9.016905142471974832e-01 -9.557949743180630398e-01 -9.934409185960039190e-01 -1.113947407047580551e+00 2.235063239813166092e+03 2.000000000000000000e+00
1.464671688869323862e+00 1.597274192930320691e+00 1.595761815389673766e+00 1.742168886281868945e+00 1.455737563234637655e+00 -8.912463469196695298e-01 -9.439432521736094150e-01 -9.934405714532610343e-01 -1.107708604469513913e+00 2.235062992229516567e+03 2.000000000000000000e+00
1.557722663625088710e+00 1.575548558954674272e+00 -2.902091095201011939e+00 1.742164680581456571e+00 1.445376406475221698e+00 -9.047556748811731442e-01 4.345886620191313554e+00 -9.934412313118187177e-01 -1.114305735401059261e+00 2.253557838436688144e+03 2.000000000000000000e+00
1.628656664876249494e+00 -3.809985073903922270e+00 -2.436418538856797600e+00 1.742163781188747596e+00 1.428813627116120699e+00 4.597466158363517685e+00 5.146734516869085674e+00 -9.934432650426681111e-01 -1.124820568367958185e+00 2.267852895196411737e+03 2.000000000000000000e+00
1.465196636046792067e+00 1.605522420532772054e+00 1.603320156943580432e+00 1.742165049766624119e+00 1.444532422187813747e+00 -8.860773883160570907e-01 -9.391101070323459865e-01 -9.934408009610764534e-01 -1.114842110031871947e+00 2.235063100962066528e+03 2.000000000000000000e+00
1.465192862421066611e+00 1.602866474248928030e+00 1.583796643372901158e+00 1.742165095058099133e+00 1.430669844214990549e+00 -8.877315266156732276e-01 -9.513630706347283583e-01 -9.934407891907980348e-01 -1.123642784715687126e+00 2.235062902749118621e+03 2.000000000000000000e+00
1.464721289657201719e+00 1.602859633019685592e+00 1.564274515327775950e+00 1.742163328137180001e+00 1.444976178659588939e+00 -8.877357847255983314e-01 -9.636085148257844679e-01 -9.934440514305044045e-01 -1.114560074596680828e+00 2.235063091186882957e+03 2.000000000000000000e+00
1.464815896468384615e+00 1.581780440632976514e+00 1.576616646514262809e+00 1.742163498497344643e+00 1.449251087987231124e+00 -9.008680963259726449e-01 -9.558668847666159651e-01 -9.934436096882922618e-01 -1.111842739722737505e+00 2.235063187738145189e+03 2.000000000000000000e+00
1.465105071039396467e+00 1.605549049945886653e+00 1.564900575985255671e+00 1.742163507944535672e+00 1.442667238182973488e+00 -8.860605463248087954e-01 -9.632159026848953198e-01 -9.934423387824923291e-01 -1.116027098089019454e+00 2.235063065091868339e+03 2.000000000000000000e+00
1.465117232154217630e+00 1.605394190231532514e+00 1.564671028119598351e+00 1.742162651580912547e+00 1.442577667480206882e+00 -8.861367011478613609e-01 -9.633542373367122158e-01 -9.934426555664520597e-01 -1.116081780879868868e+00 2.235063081711065024e+03 2.000000000000000000e+00
1.465131822273595841e+00 1.589944879752908768e+00 1.593668079757224909e+00 1.742205413967010008e+00 1.435131541957893830e+00 -8.953799802855046952e-01 -9.453839930602664365e-01 -9.934143719774820580e-01 -1.120834038568355728e+00 2.235063046376360489e+03 2.000000000000000000e+00
1.465101737777147806e+00 1.578895490411199365e+00 1.583908160776425600e+00 1.742165059557159168e+00 1.443681785504951076e+00 -9.026728483631554223e-01 -9.512850282624464304e-01 -9.934411607310956738e-01 -1.115383524918660330e+00 2.235063246207278098e+03 2.000000000000000000e+00
1.465082585329796627e+00 1.598753154629785955e+00 1.565117368088649208e+00 1.742163301851451074e+00 1.442735437693959621e+00 -8.902846712776567584e-01 -9.630788774366003668e-01 -9.934427087588599825e-01 -1.115983518376289396e+00 2.235063062334124879e+03 2.000000000000000000e+00
1.464757390403683690e+00 1.603101482967663083e+00 1.596981302753018639e+00 1.742128334963334080e+00 1.455560541195960456e+00 -8.878014561800399163e-01 -9.431797267755801517e-01 -9.934669630353749614e-01 -1.107986817322477169e+00 2.235062980139333831e+03 2.000000000000000000e+00
1.464776935829283477e+00 1.586857335993958174e+00 1.583005979730042867e+00 1.742086362600528515e+00 1.455765049908010811e+00 -8.972064232939875872e-01 -9.521326992984233684e-01 -9.934946158123845183e-01 -1.107770938809495398e+00 2.235063049663249330e+03 2.000000000000000000e+00
1.465133178664936642e+00 1.614927675463751378e+00 1.567199711766095849e+00 1.742191448670575848e+00 1.442732864981111085e+00 -8.802097141983469264e-01 -9.617955413974302870e-01 -9.934236808635404925e-01 -1.115980592828324847e+00 2.235063123704371719e+03 2.000000000000000000e+00
1.465130970279329592e+00 1.583190455789880380e+00 1.572483148181722523e+00 1.742159865476787362e+00 1.444483629613419140e+00 -8.999829668488441570e-01 -9.584749105760698162e-01 -9.934444980706369499e-01 -1.114870784197701470e+00 2.235063200216492987e+03 2.000000000000000000e+00
1.464785378621947354e+00 1.594019561130354701e+00 1.601553064738985954e+00 1.742170584936804323e+00 1.448016076589215384e+00 -8.931953081522390203e-01 -9.402582490643676127e-01 -9.934389038770344849e-01 -1.112618230203403558e+00 2.235063100832284363e+03 2.000000000000000000e+00
1.464771479288924150e+00 1.603185285328561083e+00 1.603014230831022013e+00 1.742163770882210194e+00 1.442904253501572365e+00 -8.875200895953537783e-01 -9.393068783252590537e-01 -9.934434464392657427e-01 -1.115876788024793287e+00 2.235063073351771436e+03 2.000000000000000000e+00
1.465135071123286004e+00 1.594480695514331137e+00 1.566056407111918736e+00 1.742211480163335047e+00 1.447446327420612855e+00 -8.927929749060863340e-01 -9.625808787801032329e-01 -9.934104254171207682e-01 -1.112991423163282034e+00 2.235063086197645589e+03 2.000000000000000000e+00
1.464806114147191085e+00 1.579893196608026962e+00 1.580330211043820876e+00 1.742164607805746890e+00 1.441728266755325949e+00 -9.020353681439553517e-01 -9.535364813257074523e-01 -9.934427277865773842e-01 -1.116623388146308127e+00 2.235063220045288290e+03 2.000000000000000000e+00
1.465123724615800427e+00 1.585304040537272474e+00 1.580870942609409635e+00 1.742152086196157246e+00 1.454496135051545513e+00 -8.988768610875000897e-01 -9.532401200284982279e-01 -9.934495957412059486e-01 -1.108505243479032787e+00 2.235063093629099058e+03 2.000000000000000000e+00
1.464789475970698751e+00 1.579749224167954269e+00 1.579956365072657354e+00 1.742164462371360134e+00 1.447006761659699325e+00 -9.021356629434547081e-01 -9.537723719037478620e-01 -9.934429171707531703e-01 -1.113269541212704938e+00 2.235063220251026905e+03 2.000000000000000000e+00
1.465139996284738677e+00 1.586521423171390666e+00 1.584840124192472111e+00 1.742155353635629123e+00 1.455210580119306041e+00 -8.978628367859180504e-01 -9.507486036575152344e-01 -9.934474846079560661e-01 -1.108055795351730932e+00 2.235063047965698388e+03 2.000000000000000000e+00
1.464774160419443749e+00 1.616573871950966579e+00 1.597411535090858870e+00 1.742161313720081095e+00 1.438726104418216245e+00 -8.791379556185989763e-01 -9.428064434750612621e-01 -9.934451646188832141e-01 -1.118533216274500086e+00 2.235063105077243563e+03 2.000000000000000000e+00
1.465126747572805810e+00 1.579247630097343036e+00 1.580460076461777108e+00 1.742166800004315563e+00 1.446025869578666967e+00 -9.023826939167273187e-01 -9.534791547749901230e-01 -9.934399836871439238e-01 -1.113902673260690701e+00 2.235063239865880860e+03 2.000000000000000000e+00
1.464769794751653587e+00 1.608735543076315500e+00 1.565476334684473558e+00 1.742166924648063997e+00 1.448066055047491751e+00 -8.840120829655718770e-01 -9.628688608758162459e-01 -9.934414074845718812e-01 -1.112595238964118050e+00 2.235063079949774419e+03 2.000000000000000000e+00
1.464781348720728182e+00 1.611118331560845052e+00 1.565910774250145465e+00 1.742167697529599657e+00 1.447694461072054128e+00 -8.825493011308842561e-01 -9.625769917597456482e-01 -9.934409615247403735e-01 -1.112828370207499029e+00 2.235063094536629251e+03 2.000000000000000000e+00
1.464769234376637863e+00 1.584947606166067002e+00 1.596370036194115993e+00 1.742190980609640283e+00 1.447461864187554070e+00 -8.988294953905927587e-01 -9.434015316499989590e-01 -9.934255859726106586e-01 -1.112977612626585344e+00 2.235063170197328873e+03 2.000000000000000000e+00
