1.758019306368668433e+00 2.381047646548574370e+00 2.345450029595584240e+00 -4.247307975878059416e+00 2.434793735601792353e+00 8.799058093122111290e-02 2.227690280622943997e-01 6.431948498644174173e+00 3.613310745964591897e-01 2.293704789240033278e+03 2.000000000000000000e+00
1.627023545998991683e+00 2.380880490976214681e+00 2.335631973862091648e+00 5.122673253781937497e+00 2.435088738840232914e+00 8.887635313191549757e-02 2.851318252752259585e-01 9.199985835941975054e-01 3.596258686001077010e-01 2.267514946160535146e+03 2.000000000000000000e+00
1.674669224665892520e+00 2.380780697199571527e+00 2.336453894210289928e+00 5.079109589620585119e+00 -4.777254334859244445e+00 8.976180598241559339e-02 2.795913896064493587e-01 9.203282014822425916e-01 9.229138309007959506e+00 2.277057658586132675e+03 2.000000000000000000e+00
1.627420464916469633e+00 2.380872163487817161e+00 2.335637747533088948e+00 5.283996814081767468e+00 2.451733591423639780e+00 8.892389562220616439e-02 2.850951620805345921e-01 9.189127372694444462e-01 3.170835865973123391e-01 2.267507737394762444e+03 2.000000000000000000e+00
1.627391820550410095e+00 2.380767399565735687e+00 2.345829590743422788e+00 5.391110920994432121e+00 2.434761372920434042e+00 8.961018634270936922e-02 2.198957809970970567e-01 9.182947765121090011e-01 3.614809232606376321e-01 2.267504623222002010e+03 2.000000000000000000e+00
1.627462538371025280e+00 2.380798287503131938e+00 2.335607212151988410e+00 5.122899210305094542e+00 2.435286549400899503e+00 8.936465769921848878e-02 2.852797212288367690e-01 9.199968121675862198e-01 3.584926842401249258e-01 2.267514939732221592e+03 2.000000000000000000e+00
1.627441371626353162e+00 2.380752415563234248e+00 2.336458931386112159e+00 5.123566248162472192e+00 2.434754056287106838e+00 8.964345986152730261e-02 2.799242706590176488e-01 9.199918944756941830e-01 3.615095251673091092e-01 2.267514903519841937e+03 2.000000000000000000e+00
1.627052432864480425e+00 2.380940126212651720e+00 2.335630169385634503e+00 5.122744116807874448e+00 2.435054898375867527e+00 8.855237155515911784e-02 2.851440422705092681e-01 9.199980123188580272e-01 3.598120129597009997e-01 2.267514939373019388e+03 2.000000000000000000e+00
1.627038384717211850e+00 2.380881600718792512e+00 2.335617921161333488e+00 5.123091668218274997e+00 2.435162382644161738e+00 8.890925709704086688e-02 2.852306815897071579e-01 9.199955184356620741e-01 3.592141240251046086e-01 2.267514919549400474e+03 2.000000000000000000e+00
1.627360637127995835e+00 2.386473187850169708e+00 2.335431268563845197e+00 5.133934876975036588e+00 2.434679478951927045e+00 6.623086651550864901e-02 2.862922688537097304e-01 9.199160355977578085e-01 3.619163280681784167e-01 2.267514444992410517e+03 2.000000000000000000e+00
1.627034512089915674e+00 2.378918792288787554e+00 2.331609981286625111e+00 5.441097914542339709e+00 2.427156407957665074e+00 1.336404231131919085e-01 3.277444091195466647e-01 9.188359678085610271e-01 3.803567225826871012e-01 2.267503173707605129e+03 2.000000000000000000e+00
1.627272475801433860e+00 2.388445008408277559e+00 2.341831679732245597e+00 5.445978923271723282e+00 2.434293584818412626e+00 3.796563910664308567e-02 2.342280141109796820e-01 9.183211529991859301e-01 3.626329105091587457e-01 2.267503316601119877e+03 2.000000000000000000e+00
1.627035364454593624e+00 2.385397116551759122e+00 2.328822300604558748e+00 5.502114760993587872e+00 2.440420154275665165e+00 1.852149894320316917e-02 3.102014322773051780e-01 9.178591089032688277e-01 3.455621434570909645e-01 2.267502165761558445e+03 2.000000000000000000e+00
1.627292292196041101e+00 2.374956926074537122e+00 2.325104977387626448e+00 5.300594866431833196e+00 2.454556972860732156e+00 1.297957398194143630e-01 2.976910261143251302e-01 9.193245707160004887e-01 3.611849037002101692e-01 2.267507040991250506e+03 2.000000000000000000e+00
1.627032537036550597e+00 2.385181195251565356e+00 2.333628613430377641e+00 5.445635532611427188e+00 2.446880126746952211e+00 4.084349861536739484e-02 2.918136840662212683e-01 9.180953123096250446e-01 3.173448969860561131e-01 2.267503136827370327e+03 2.000000000000000000e+00
1.627276813654372489e+00 2.397111957043096986e+00 2.328837274937289425e+00 5.829784116739840982e+00 2.433439088259881977e+00 7.217172656065834468e-02 3.223355776755754132e-01 9.183811566255264403e-01 4.045044070186287755e-01 2.267497829007502332e+03 2.000000000000000000e+00
1.627269383749981868e+00 2.351197797462498240e+00 2.341732379847281553e+00 5.780134017832003757e+00 2.452675694111724258e+00 9.405990371337660805e-02 3.154939507446434255e-01 9.175281526262795140e-01 3.553123149235605793e-01 2.267497628973574137e+03 2.000000000000000000e+00
1.626978207727223014e+00 2.377527257402289429e+00 2.339737875100983189e+00 6.270150088098600527e+00 2.442778893454604638e+00 1.148855320136197844e-01 2.191354344649685815e-01 9.150501268497694962e-01 3.442327999267191796e-01 2.267498545283303429e+03 2.000000000000000000e+00
1.627270061034785220e+00 2.384759437163498585e+00 2.323974442112274996e+00 5.671149078738443983e+00 2.432223132205001637e+00 1.085645450783965654e-01 3.444331210354025785e-01 9.186182598475287620e-01 3.445787050949072339e-01 2.267499167661809224e+03 2.000000000000000000e+00
1.626997489709703926e+00 2.348457959722016319e+00 2.330862930826259838e+00 5.786220229062012166e+00 2.442370305435944910e+00 7.603557641946130652e-02 2.569799354402076408e-01 9.139259571983090469e-01 3.665172659020686785e-01 2.267497567398546835e+03 2.000000000000000000e+00
1.627267553334844186e+00 2.386420324744043420e+00 2.344802830752583223e+00 5.800901499324581323e+00 2.437753965058715000e+00 9.805478740139714211e-02 3.439769451378011933e-01 9.179541526380733396e-01 3.682065398287613367e-01 2.267497922912829836e+03 2.000000000000000000e+00
1.627269534160023623e+00 2.379424461016935055e+00 2.344795186616308591e+00 5.874583166834947079e+00 2.439018495360375294e+00 3.593934634269326661e-02 2.513552669305433862e-01 9.166045818618283603e-01 3.240373102050905785e-01 2.267498059316657873e+03 2.000000000000000000e+00
1.627268501280128010e+00 2.388733541765508228e+00 2.351365846802299764e+00 5.895289263654107437e+00 2.459823225076850139e+00 9.958203890260897140e-02 2.707442753466473562e-01 9.041705087131963747e-01 3.762886845260635660e-01 2.267496909914186745e+03 2.000000000000000000e+00
1.627272626541397038e+00 2.396057131137056651e+00 2.334507005424791615e+00 5.994704782279440813e+00 2.428201651919147164e+00 3.318800343430980404e-02 2.994159417166424864e-01 9.174451381515990045e-01 3.199090685242023668e-01 2.267497822608631395e+03 2.000000000000000000e+00
1.626976973187996389e+00 2.375965780507189429e+00 2.325009862004464800e+00 6.254178875800447734e+00 2.432250928207969398e+00 1.293570870906720904e-01 3.407098470905074450e-01 9.165383108020123126e-01 3.488495971546671237e-01 2.267498340954912237e+03 2.000000000000000000e+00
1.626983999370329226e+00 2.409856944272771084e+00 2.331165577029058689e+00 6.055720642600086912e+00 2.426596312324459159e+00 3.435938988264855554e-02 2.724731423469634595e-01 9.127816964425370383e-01 3.904402093176916333e-01 2.267497729155081288e+03 2.000000000000000000e+00
1.626983929687726205e+00 2.404691858996987008e+00 2.346323474450967783e+00 5.855473199729622991e+00 2.438846785674915196e+00 3.169194514667492135e-02 2.426062052071171482e-01 9.179338989036460728e-01 3.684898858917463604e-01 2.267498187767458603e+03 2.000000000000000000e+00
1.627004195230878025e+00 2.360868119692719702e+00 2.357633157017822167e+00 5.679941722243429858e+00 2.425030904556706890e+00 1.232477873243678079e-01 2.725423418897469086e-01 9.107884797779602915e-01 3.359633926429687056e-01 2.267498662078070083e+03 2.000000000000000000e+00
1.627269020578014036e+00 2.384521089944023675e+00 2.339889954015151208e+00 5.787480227937275679e+00 2.441738619968249591e+00 1.368421496616298028e-01 2.780147316727947238e-01 9.160652456988470638e-01 3.135335390959050894e-01 2.267498286254472987e+03 2.000000000000000000e+00
1.627267035212272672e+00 2.381933219604714491e+00 2.351983525729177238e+00 5.766635733023762533e+00 2.427280972213212262e+00 1.409860166981729002e-01 2.767929320814848659e-01 9.196117048132875782e-01 3.963793093157932379e-01 2.267498280517492276e+03 2.000000000000000000e+00
