-6.988212072101598338e-01 1.790983348040247947e+00 1.603150882221382023e+00 1.009156732948220281e+00 1.476786689719288725e+00 1.602746721317381384e+00 1.753849976377279463e+00 1.341188720434729698e+00 1.495580042876152094e+00 1.874404139479663172e+03 2.000000000000000000e+00
-6.991905123224536611e-01 1.792334224215230698e+00 1.603558166727939938e+00 1.010110967595815312e+00 1.479648181183412126e+00 1.603112294520411041e+00 1.754023674927799537e+00 1.341299323966310686e+00 1.496250578822776012e+00 1.874404151874012541e+03 2.000000000000000000e+00
-6.987799088773296585e-01 1.791068441681042067e+00 1.603201866509071483e+00 1.010812714345320273e+00 1.475386209503886326e+00 1.602768383318135426e+00 1.753863350934888432e+00 1.341367492515181725e+00 1.495254146324818567e+00 1.874404150806261669e+03 2.000000000000000000e+00
-6.987686163513757709e-01 1.791728421151360440e+00 1.604593375345457984e+00 1.012272517043382614e+00 1.475453038707601694e+00 1.602942499470146220e+00 1.754326485414069658e+00 1.341525758879894337e+00 1.495269559564842199e+00 1.874404155675440734e+03 2.000000000000000000e+00
-6.988519627150004965e-01 1.793063355845856410e+00 1.603945053246240482e+00 1.009950552615149766e+00 1.474239994306393742e+00 1.603295336391079573e+00 1.754113041753957658e+00 1.341274332321887641e+00 1.494988562407663313e+00 1.874404141271739491e+03 2.000000000000000000e+00
-6.987795351626210349e-01 1.792133285959773614e+00 1.603581669890321360e+00 1.012623043365478370e+00 1.476380956431087910e+00 1.603049708250065208e+00 1.753990434536281562e+00 1.341564063661797590e+00 1.495485354601152839e+00 1.874404138562248818e+03 2.000000000000000000e+00
-6.991482890135226613e-01 1.790708090282868481e+00 1.603513254362053608e+00 1.010411713212858942e+00 1.476238088507912050e+00 1.602682086984826615e+00 1.754004637580921733e+00 1.341331148605805268e+00 1.495457016637257830e+00 1.874404138313853764e+03 2.000000000000000000e+00
-6.987845543896455958e-01 1.790931069205210280e+00 1.603721863978977202e+00 1.008788376740310966e+00 1.477357547028269380e+00 1.602732267265276400e+00 1.754037261374419954e+00 1.341148289708038011e+00 1.495712354565710056e+00 1.874404147278868550e+03 2.000000000000000000e+00
-6.988791804647140893e-01 1.790713324564537912e+00 1.602832026891185757e+00 1.009256633339024933e+00 1.477368319525507845e+00 1.602679311427380959e+00 1.753755884357338868e+00 1.341202171000619225e+00 1.495716900559806772e+00 1.874404153934598071e+03 2.000000000000000000e+00
-6.991146654927047344e-01 1.794591279836969422e+00 1.603701319639446732e+00 1.012526307037299178e+00 1.475727605934245235e+00 1.603707994696402572e+00 1.754069769629614806e+00 1.341560778644059537e+00 1.495339008058828689e+00 1.874404145039713512e+03 2.000000000000000000e+00
-6.992069206545882265e-01 1.794206741461561450e+00 1.605310813763435762e+00 1.010193747944948983e+00 1.479379953017598837e+00 1.603607305095332780e+00 1.754610281435626584e+00 1.341308710165021845e+00 1.496188469367161877e+00 1.874404158002561644e+03 2.000000000000000000e+00
-6.992064282674440578e-01 1.794819710645503497e+00 1.602788737965870736e+00 1.008843835328600225e+00 1.478101464728879932e+00 1.603768841631800557e+00 1.753768401982546576e+00 1.341162336507792929e+00 1.495890843122633651e+00 1.874404147423080758e+03 2.000000000000000000e+00
-6.992027256663340129e-01 1.793219415599166089e+00 1.603437314305356187e+00 1.011034935664510526e+00 1.479695845906405793e+00 1.603346258708659544e+00 1.753984720825046972e+00 1.341399730557697678e+00 1.496261876972428961e+00 1.874404153078168292e+03 2.000000000000000000e+00
-6.992094710451323136e-01 1.792790569286295543e+00 1.604785810804910007e+00 1.009270458519070823e+00 1.474735306555984504e+00 1.603233034811112345e+00 1.754434339443047053e+00 1.341208566256095525e+00 1.495108701646738592e+00 1.874404142578566734e+03 2.000000000000000000e+00
-6.987498194439463184e-01 1.794515062516550463e+00 1.603223179939774479e+00 1.009211522158870444e+00 1.478898644914667049e+00 1.603678104615483324e+00 1.753868447054332425e+00 1.341193634371538490e+00 1.496070432412162310e+00 1.874404145145860866e+03 2.000000000000000000e+00
-6.987717879137552712e-01 1.793866637633303451e+00 1.604308999535687175e+00 1.008098440489611836e+00 1.478491037055941426e+00 1.603507234509116586e+00 1.754232011518811918e+00 1.341073463320343162e+00 1.495975865359321366e+00 1.874404146714398394e+03 2.000000000000000000e+00
-6.992022984408957642e-01 1.793619676285099995e+00 1.603680820691078202e+00 1.008938443440464461e+00 1.474591157197837177e+00 1.603451835599431163e+00 1.754065431392553220e+00 1.341172537954761657e+00 1.495075133923134736e+00 1.874404149247296118e+03 2.000000000000000000e+00
-6.992128723129252821e-01 1.796042599108356841e+00 1.604338457273616791e+00 1.010505351570318400e+00 1.478156705029623152e+00 1.604092287538264605e+00 1.754286249541786580e+00 1.341342520896211310e+00 1.495903886044346098e+00 1.874404163253033857e+03 2.000000000000000000e+00
-6.991953072385960199e-01 1.791912024790524027e+00 1.603957276600538995e+00 1.008078894955409366e+00 1.477844634597343942e+00 1.603000781531687124e+00 1.754156901855506101e+00 1.341079430187846144e+00 1.495830992466581133e+00 1.874404144891199394e+03 2.000000000000000000e+00
-6.992108083683047370e-01 1.794445006428823541e+00 1.603529094699506219e+00 1.012985223799085066e+00 1.477089743499372165e+00 1.603670159024320974e+00 1.754016121179745147e+00 1.341611567851296538e+00 1.495655760302637027e+00 1.874404155874670323e+03 2.000000000000000000e+00
-6.992072894512644243e-01 1.794092294989599656e+00 1.604461046852525330e+00 1.011289112604527585e+00 1.474689597332782487e+00 1.603576788544815779e+00 1.754326008009605697e+00 1.341427286040169475e+00 1.495098082710018872e+00 1.874404142482395400e+03 2.000000000000000000e+00
-6.987544728135741678e-01 1.795760643998435269e+00 1.604992887892005005e+00 1.010228301414920482e+00 1.477751005204800405e+00 1.604007409289780695e+00 1.754459317225828041e+00 1.341303935959538007e+00 1.495803621524165905e+00 1.874404151122782878e+03 2.000000000000000000e+00
-6.992067136138687689e-01 1.792550169745636746e+00 1.604589358347789485e+00 1.007767517367240240e+00 1.477850837067019807e+00 1.603169573126911107e+00 1.754368974707548379e+00 1.341046019018846680e+00 1.495832624292499302e+00 1.874404151539676150e+03 2.000000000000000000e+00
-6.992239138597921011e-01 1.794169109417293573e+00 1.605681938316774415e+00 1.009811283539056248e+00 1.478474917497711205e+00 1.603597520059186543e+00 1.754735009763782605e+00 1.341267479074094826e+00 1.495977976249126540e+00 1.874404140742098662e+03 2.000000000000000000e+00
-6.992056871413026009e-01 1.795606848088627805e+00 1.604565788181306463e+00 1.008626183068020099e+00 1.476399741481627670e+00 1.603977019832646178e+00 1.754361438338466028e+00 1.341138912739387568e+00 1.495495349991295075e+00 1.874404160522265101e+03 2.000000000000000000e+00
-6.991838327532485797e-01 1.790639561735990704e+00 1.604875684430472127e+00 1.009919803647951531e+00 1.476852776622457064e+00 1.602664764168048039e+00 1.754462692122827239e+00 1.341278544100332537e+00 1.495600354251651387e+00 1.874404146563584845e+03 2.000000000000000000e+00
-6.991906271004107998e-01 1.791576561058122241e+00 1.604206235858433471e+00 1.011415081795709936e+00 1.474958932768230202e+00 1.602912241296067020e+00 1.754239968311724240e+00 1.341440752734228248e+00 1.495160417310183565e+00 1.874404149261069279e+03 2.000000000000000000e+00
-6.992061061058663096e-01 1.790795846774571265e+00 1.603308662213230873e+00 1.011636009494334187e+00 1.477449036639395974e+00 1.602706401824999904e+00 1.753941762291985951e+00 1.341464889309031516e+00 1.495739155526973008e+00 1.874404153685148231e+03 2.000000000000000000e+00
-6.992293597788585835e-01 1.795341746102125047e+00 1.605191563824301504e+00 1.009238159356006026e+00 1.477560712908565055e+00 1.603907341819936994e+00 1.754571745267921701e+00 1.341205482915567071e+00 1.495765421067314804e+00 1.874404148835831165e+03 2.000000000000000000e+00
-6.987623968791036866e-01 1.791779760011982692e+00 1.604702310751079164e+00 1.010643232592880914e+00 1.479264362272405098e+00 1.602956065205846992e+00 1.754362643324284932e+00 1.341348930464404621e+00 1.496155721785865422e+00 1.874404150762486552e+03 2.000000000000000000e+00
