1.538750072428481053e+00 2.276994750271695622e+00 2.248169934741771847e+00 2.390292972637078073e+00 2.135786457011918049e+00 2.249858913763464443e+03 2.000000000000000000e+00
1.538687002790672054e+00 2.276597320289190485e+00 2.274173600047072252e+00 2.390291970193814119e+00 2.140516870705486241e+00 2.249858915093724136e+03 2.000000000000000000e+00
1.539043960041013737e+00 2.290024512332729856e+00 2.267892321531910227e+00 2.390293682529662789e+00 2.138913045397797141e+00 2.249858952380315714e+03 2.000000000000000000e+00
1.539069802061901804e+00 2.263784451712596013e+00 2.255449841355265939e+00 2.390292820540380170e+00 2.138564411236041352e+00 2.249858948589371721e+03 2.000000000000000000e+00
1.538768197546391381e+00 2.289248694028645836e+00 2.269762823945235652e+00 2.390292310242146279e+00 2.137523819613672327e+00 2.249858957620182082e+03 2.000000000000000000e+00
1.539044877526922761e+00 2.291742663847778694e+00 2.257245802570243765e+00 2.390293822852625372e+00 2.136557225969395013e+00 2.249858981712679906e+03 2.000000000000000000e+00
1.538815529518130720e+00 2.291957069643099310e+00 2.264501608995337811e+00 2.390292254437942798e+00 2.136647168416344389e+00 2.249858968224574710e+03 2.000000000000000000e+00
1.538785971347141457e+00 2.286712729654274856e+00 2.270673809071795723e+00 2.390292681565639121e+00 2.140885204310032375e+00 2.249858941002763004e+03 2.000000000000000000e+00
1.539100613926215999e+00 2.268486167862556524e+00 2.272967258995643114e+00 2.390293840036405104e+00 2.134856208443468795e+00 2.249858926923725903e+03 2.000000000000000000e+00
1.539077288386896170e+00 2.265545188123649911e+00 2.264655298415155116e+00 2.390293737537619201e+00 2.142960604812080838e+00 2.249858912113149927e+03 2.000000000000000000e+00
1.539165473964499098e+00 2.280004353502173231e+00 2.249891500135981826e+00 2.390338560124170897e+00 2.130644895700174235e+00 2.249858909933589530e+03 2.000000000000000000e+00
1.539152875660970032e+00 2.267177124461907223e+00 2.272427167765282086e+00 2.390293070087714522e+00 2.136967697910788111e+00 2.249858952732661692e+03 2.000000000000000000e+00
1.538707920789452288e+00 2.289105822199539730e+00 2.270192994008925158e+00 2.390233091873808835e+00 2.135825926149931941e+00 2.249858963211792343e+03 2.000000000000000000e+00
1.538690708002020457e+00 2.282884527438640010e+00 2.249148992463383401e+00 2.390295856007261577e+00 2.137059798292301860e+00 2.249858937259314644e+03 2.000000000000000000e+00
1.539150368813584802e+00 2.272963449137589187e+00 2.270810334979332712e+00 2.390286888662320752e+00 2.127656645336195140e+00 2.249858897518551203e+03 2.000000000000000000e+00
1.538656611884066328e+00 2.289513953282242831e+00 2.269391972763209697e+00 2.390293032958666686e+00 2.137142351699343301e+00 2.249858964457030197e+03 2.000000000000000000e+00
1.538694339542515221e+00 2.279936292039733026e+00 2.253899822508800277e+00 2.390299138217958586e+00 2.145079399268575937e+00 2.249858892826197916e+03 2.000000000000000000e+00
1.539167276143115437e+00 2.291214799825086246e+00 2.256516069472923380e+00 2.390293215960549222e+00 2.136114178208601277e+00 2.249858974400531224e+03 2.000000000000000000e+00
1.539176272082512842e+00 2.283107324193249354e+00 2.250728759627000919e+00 2.390297006174508798e+00 2.130912427216860472e+00 2.249858918544058724e+03 2.000000000000000000e+00
1.538722211554103270e+00 2.269147055657493528e+00 2.254292372124997001e+00 2.390291440456336680e+00 2.127880316179093345e+00 2.249858913329283951e+03 2.000000000000000000e+00
1.539137082677930701e+00 2.265474693855116683e+00 2.254869686411795193e+00 2.390293781722521160e+00 2.130526613877645303e+00 2.249858940959541542e+03 2.000000000000000000e+00
1.538684289954320938e+00 2.283066650811659049e+00 2.272919574849316060e+00 2.390292166342417257e+00 2.140794583171456988e+00 2.249858932119182100e+03 2.000000000000000000e+00
1.538727554197563796e+00 2.262770385615140878e+00 2.264064627390185880e+00 2.390291982591086217e+00 2.131660782183795622e+00 2.249858957716120130e+03 2.000000000000000000e+00
1.539165490615830301e+00 2.282084038457493413e+00 2.273776021858077812e+00 2.390299656132906847e+00 2.131474453023519455e+00 2.249858935449298770e+03 2.000000000000000000e+00
1.539169979417101874e+00 2.289388224431896379e+00 2.253532124693330196e+00 2.390293971510291549e+00 2.135895362800496411e+00 2.249858966844657971e+03 2.000000000000000000e+00
1.538681930359632632e+00 2.280890766526193936e+00 2.264663452869963400e+00 2.390292853895517489e+00 2.146582556629871519e+00 2.249858871106165680e+03 2.000000000000000000e+00
1.539162956997844223e+00 2.262626073626687884e+00 2.256352726361658956e+00 2.390301698577538048e+00 2.134527228275948652e+00 2.249858978365291932e+03 2.000000000000000000e+00
1.538686320525318729e+00 2.284362966949933682e+00 2.271008133286197328e+00 2.390287967548351489e+00 2.129702964225373751e+00 2.249858911620538947e+03 2.000000000000000000e+00
1.538697912609929830e+00 2.271757699792312568e+00 2.274764916501891054e+00 2.390293515470997221e+00 2.136176256638176341e+00 2.249858939949966043e+03 2.000000000000000000e+00
1.539159120653678769e+00 2.285003820101248806e+00 2.251679409524458553e+00 2.390293345760732713e+00 2.130697106396351348e+00 2.249858931640084847e+03 2.000000000000000000e+00
