-4.494490471326357817e-01 5.480316881622364633e-01 5.461902801938587348e-01 5.412929959807576408e-01 4.449673375530489028e-01 8.080409052045248730e-01 9.220298435360607670e-01 7.197663917504202313e-01 8.735077457118973765e-01 1.926271037606431037e+03 2.000000000000000000e+00
-4.496662013861951745e-01 5.472177808779786767e-01 5.464294129728275440e-01 5.408920151306758628e-01 4.448569399642913202e-01 8.089570105523341548e-01 9.218969159145671277e-01 7.202331865691976587e-01 8.736485957798847402e-01 1.926271012478951889e+03 2.000000000000000000e+00
-4.493412443562387892e-01 5.480342603189846118e-01 5.462296450475671028e-01 5.409529363166720728e-01 4.449871085091864908e-01 8.080271343385641014e-01 9.219285582736533868e-01 7.201337875498898811e-01 8.734794925381311748e-01 1.926271018720154416e+03 2.000000000000000000e+00
-3.951413797967601726e-01 5.479639981600676890e-01 -2.551529705182085994e+00 5.355203581134466706e-01 4.447477774349262725e-01 8.081487989280469186e-01 6.401634361897140302e+00 7.261694045642786977e-01 8.737736547494411310e-01 1.937637912415477786e+03 2.000000000000000000e+00
-3.804938402046033064e-01 5.479667744127918461e-01 5.462935910532055184e-01 -2.563795322829358625e+00 4.447409887152330432e-01 8.081423496625563807e-01 9.220415521598152031e-01 5.893386074345086989e+00 8.737793154959793140e-01 1.940668186101181846e+03 2.000000000000000000e+00
-4.497916107045992762e-01 5.479663817148393568e-01 5.463332864061239968e-01 5.347273585549988661e-01 4.447543874223994220e-01 8.081570858737144869e-01 9.220767993855842892e-01 7.270548123866146240e-01 8.737727571691225048e-01 1.926271028604074672e+03 2.000000000000000000e+00
-4.493519280717678810e-01 5.479467264971548124e-01 5.462049043444532348e-01 5.347127511192285576e-01 4.447286449827396182e-01 8.081236960021734861e-01 9.219616704898718762e-01 7.270259344167581128e-01 8.737688427376221201e-01 1.926271029421105595e+03 2.000000000000000000e+00
-4.498042915437019396e-01 5.479662183011905219e-01 5.463454860030103610e-01 5.409725670027532018e-01 4.450116356102207238e-01 8.081588000152217788e-01 9.220707057129264861e-01 7.201589540943205137e-01 8.734863535493997411e-01 1.926271016998561663e+03 2.000000000000000000e+00
-4.497823409138342332e-01 5.480761284855247828e-01 5.463107963848151671e-01 5.410802513835459848e-01 4.450972904005691122e-01 8.080365695498902268e-01 9.220970062890482266e-01 7.200381809310217873e-01 8.733892285389830423e-01 1.926271024948310242e+03 2.000000000000000000e+00
-3.919064467472001545e-01 5.478813605458670022e-01 5.463050399953087721e-01 5.417574419990333068e-01 -2.651373642257979224e+00 8.082175327999722159e-01 9.219591534906956820e-01 7.192652833833860226e-01 6.399057072154170633e+00 1.938247385581569461e+03 2.000000000000000000e+00
-4.497355446350143060e-01 5.483677640014610333e-01 5.463580951418830489e-01 5.407441845395638547e-01 4.451571307141982681e-01 8.077131496265386179e-01 9.220173050677369364e-01 7.204045383597244001e-01 8.733190441651049740e-01 1.926270998852136927e+03 2.000000000000000000e+00
-4.497816161220327680e-01 5.472753179031255577e-01 5.466099236109449588e-01 5.379047689877762828e-01 4.430304049447129633e-01 8.089092336961288821e-01 9.217655279175029914e-01 7.235440424262125081e-01 8.756982264487173095e-01 1.926270963101792177e+03 2.000000000000000000e+00
-4.493504896575032381e-01 5.469356618295462269e-01 5.467007732674334930e-01 5.358398426701109774e-01 4.453473180757476779e-01 8.092248846438331311e-01 9.214102095480029009e-01 7.257802381088137578e-01 8.730776203906345234e-01 1.926270987532628169e+03 2.000000000000000000e+00
-4.493611940924253090e-01 5.478650779397487014e-01 5.457792987586960187e-01 5.354039494195378390e-01 4.457713669455207195e-01 8.082135838681731022e-01 9.224382874199215099e-01 7.262628985029041528e-01 8.726048009931894889e-01 1.926271002926775282e+03 2.000000000000000000e+00
-4.497553324317569157e-01 5.478931302367141543e-01 5.464036388647584008e-01 5.348510087937584645e-01 4.450101448139279769e-01 8.082326353683287889e-01 9.219780887206499020e-01 7.269147787280454409e-01 8.734845877685134541e-01 1.926271016554499056e+03 2.000000000000000000e+00
-4.497668693552860919e-01 5.482664814369585526e-01 5.463078442470583607e-01 5.350441783423628417e-01 4.440601087627256693e-01 8.078272239754005213e-01 9.220910576431606831e-01 7.267024664562306002e-01 8.745466417032158324e-01 1.926271011931767362e+03 2.000000000000000000e+00
-4.493460243445780433e-01 5.480935038407869220e-01 5.463282101332308516e-01 5.405718422168503956e-01 4.435482949855832357e-01 8.079629843462927674e-01 9.218213176194358649e-01 7.205546380250670291e-01 8.750868304520162955e-01 1.926271016677880198e+03 2.000000000000000000e+00
-4.493716263654774501e-01 5.465345054877788211e-01 5.460226108706557335e-01 5.394951180018311421e-01 4.440712457588876783e-01 8.096645223671576908e-01 9.221740393429311844e-01 7.217453527630924848e-01 8.745043104090429731e-01 1.926270978530975981e+03 2.000000000000000000e+00
-4.497021431767537769e-01 5.478571443303528188e-01 5.463071445633967960e-01 5.348042169342257512e-01 4.448165321271043138e-01 8.082671403513892461e-01 9.220580905730494381e-01 7.269633938184806299e-01 8.736981920356491349e-01 1.926271015167923906e+03 2.000000000000000000e+00
-4.493686996132223443e-01 5.473886858774982267e-01 5.461754591967870054e-01 5.407958011361276851e-01 4.443582666091956401e-01 8.087337610608855698e-01 9.220040424826629888e-01 7.203097310783906915e-01 8.741837281378055380e-01 1.926271011544515204e+03 2.000000000000000000e+00
-4.494639200031236292e-01 5.477381912383870732e-01 5.461019578962383880e-01 5.350877128439051056e-01 4.441085042276826655e-01 8.083628053097081656e-01 9.221366955648808705e-01 7.266208663275954827e-01 8.744684855588524819e-01 1.926271000115087190e+03 2.000000000000000000e+00
-4.493861863243580612e-01 5.480138967021562779e-01 5.461864080544949207e-01 5.409782347028367910e-01 4.444238550722138803e-01 8.080546638962849970e-01 9.220021009369308018e-01 7.201101367565829747e-01 8.741117482322412480e-01 1.926271016439086452e+03 2.000000000000000000e+00
-4.497793670158161117e-01 5.480453475707478539e-01 5.464163071379810610e-01 5.351964212001634191e-01 4.438314726977435898e-01 8.080696057194883819e-01 9.219778516978373029e-01 7.265353894197809081e-01 8.748029528993296333e-01 1.926271007531082205e+03 2.000000000000000000e+00
-4.494210225167350470e-01 5.477264535045140992e-01 5.462582352267810748e-01 5.349191658620028322e-01 4.448961431460116689e-01 8.083719349534744802e-01 9.219422950975805220e-01 7.268045102820910319e-01 8.735866646343265485e-01 1.926271008161851114e+03 2.000000000000000000e+00
-4.497887924827622674e-01 5.486139194035637434e-01 5.450439341495977308e-01 5.364849468345815886e-01 4.450658054452003021e-01 8.074516449951756325e-01 9.235067645424535066e-01 7.251130207439323572e-01 8.734250118464728097e-01 1.926270972975327368e+03 2.000000000000000000e+00
-4.494086845592191737e-01 5.478646208288436847e-01 5.461681998600985688e-01 5.351571262605979706e-01 4.457649355011309988e-01 8.082199432733445654e-01 9.220348415702611655e-01 7.265403536716674715e-01 8.726154352499917444e-01 1.926271010972495333e+03 2.000000000000000000e+00
-4.494338188548391289e-01 5.482553859440415511e-01 5.460313342885447785e-01 5.409097245129560472e-01 4.450776184845754990e-01 8.077973908173089468e-01 9.222017585320473332e-01 7.201904325056814882e-01 8.733849926978802802e-01 1.926271010344173646e+03 2.000000000000000000e+00
-4.497550438565330877e-01 5.486144221082986938e-01 5.462314613701960697e-01 5.360988682684700857e-01 4.433954583072519662e-01 8.074467664256097521e-01 9.221692779841461629e-01 7.255360664617613864e-01 8.752883420557724392e-01 1.926270979472084946e+03 2.000000000000000000e+00
-4.493859867901627836e-01 5.482033262727830092e-01 5.460966575301232639e-01 5.410321943826121860e-01 4.446812183598645163e-01 8.078482629265727466e-01 9.221014802823166434e-01 7.200505304481787938e-01 8.738242283978212566e-01 1.926271020707214120e+03 2.000000000000000000e+00
-4.493589419502719284e-01 5.477573205158554615e-01 5.462231996386237576e-01 5.348398577699327028e-01 4.446190786384499050e-01 8.083309306446692100e-01 9.219454484966269625e-01 7.268861929735092042e-01 8.738917224511875137e-01 1.926271019232352273e+03 2.000000000000000000e+00
