1.405251942283099797e+00 2.350366459378226303e+00 2.370252653161994516e+00 3.422203279381026420e+00 2.251216602307593462e+00 7.657570382904614892e-01 8.994291298402934398e-01 2.353886998558428534e+00 9.785150523845378423e-01 2.223089938667189472e+03 2.000000000000000000e+00
1.439670811935437778e+00 2.350366170963261059e+00 2.370028823812725172e+00 3.422204914152993993e+00 8.062785456965066544e+00 7.657582034365798540e-01 8.995522022088827674e-01 2.353889829789773014e+00 4.555974846007996959e+00 2.230054673878562426e+03 2.000000000000000000e+00
1.404824485450625771e+00 2.359303343155536581e+00 2.362628277493556972e+00 3.422203664157573932e+00 2.251216674587562139e+00 7.614485585708045123e-01 9.035275630799698421e-01 2.353887882621794159e+00 9.785155787159630636e-01 2.223089982633878208e+03 2.000000000000000000e+00
1.405295203119903080e+00 2.350366675295359364e+00 2.357382892230702520e+00 3.422203353906187573e+00 2.251216475955082341e+00 7.657561356545851128e-01 8.936563561211456896e-01 2.353882797130747662e+00 9.785139872479423628e-01 2.223090016198617377e+03 2.000000000000000000e+00
1.404930663508224598e+00 2.350366484538199519e+00 2.370438288025745521e+00 3.422203162533079102e+00 2.251216533451437574e+00 7.657563715773709756e-01 8.993370827284274949e-01 2.353887486306007304e+00 9.785144366755055279e-01 2.223089950064542791e+03 2.000000000000000000e+00
1.404893238064065963e+00 2.350196201046901745e+00 2.361167353451011586e+00 3.422204500219429679e+00 2.251184952200700362e+00 7.632365961724069114e-01 8.918430998862990622e-01 2.353889643844985891e+00 9.783203231912103170e-01 2.223090041729273253e+03 2.000000000000000000e+00
1.404951787459964629e+00 2.343146283951928144e+00 2.362628326280801438e+00 3.422199349518340039e+00 2.251224962280857333e+00 7.579447730608837031e-01 9.036311328302144563e-01 2.353885963019711980e+00 9.785695667484883842e-01 2.223089982408081141e+03 2.000000000000000000e+00
1.404829164754841209e+00 2.351192483719079629e+00 2.357427373718558261e+00 3.422201284878529037e+00 2.251223829166502099e+00 7.605489496521085080e-01 8.952888437890426099e-01 2.353885644739354799e+00 9.785615119504736947e-01 2.223090012452296833e+03 2.000000000000000000e+00
1.404854276294418280e+00 2.343781133920946225e+00 2.362628039717736605e+00 3.422204833787644951e+00 2.251216652569085319e+00 7.562903681355160890e-01 9.035263528068485650e-01 2.353890029381340288e+00 9.785155960819206244e-01 2.223090027552948868e+03 2.000000000000000000e+00
1.404969646167771424e+00 2.349833313915919319e+00 2.362665641306119113e+00 3.420977263129806101e+00 2.249904351146313264e+00 7.593657494932820606e-01 9.065947144841215444e-01 2.352764558953374774e+00 9.707656440176111179e-01 2.223089972000267153e+03 2.000000000000000000e+00
1.405237846934461521e+00 2.349722918726030674e+00 2.363441174010190604e+00 3.422070258642105678e+00 2.250485473142580073e+00 7.546403851123563156e-01 9.090713291744633162e-01 2.353761747484734990e+00 9.743110095168595608e-01 2.223090093315082413e+03 2.000000000000000000e+00
1.404929500176536505e+00 2.347622055762541571e+00 2.361726887613744719e+00 3.422615174837558616e+00 2.252131380425682838e+00 7.544322538434570236e-01 9.068571737069249794e-01 2.354264089487910994e+00 9.830573572328885623e-01 2.223090088619631842e+03 2.000000000000000000e+00
1.404933403529684544e+00 2.353102880631322780e+00 2.358712737344828003e+00 3.422100354766217212e+00 2.251067960408316804e+00 7.748842610134319964e-01 8.990828553049888816e-01 2.353794007681990319e+00 9.823988394822372738e-01 2.223090038779628230e+03 2.000000000000000000e+00
1.405004752605047091e+00 2.347713622327854743e+00 2.364119557605339761e+00 3.423332399765257605e+00 2.251408989545886197e+00 7.533428629916971708e-01 9.036423771463545362e-01 2.354916592671368658e+00 9.802859964327449438e-01 2.223090080559968555e+03 2.000000000000000000e+00
1.405241258761799061e+00 2.350600116833393649e+00 2.363589172009038730e+00 3.422057167843833625e+00 2.250782359046983760e+00 7.546207815535106445e-01 8.989298964124340374e-01 2.353749732344101009e+00 9.732205992448575982e-01 2.223090098687969657e+03 2.000000000000000000e+00
1.405242610889696708e+00 2.355505621884304901e+00 2.368617730175451630e+00 3.421383300166741304e+00 2.252082327778687887e+00 7.602068984329937162e-01 9.034525668228736706e-01 2.353134168220444522e+00 9.820528154363671325e-01 2.223090004800800216e+03 2.000000000000000000e+00
1.405198635011926322e+00 2.354126641662833475e+00 2.364719168991445741e+00 3.422179170112387148e+00 2.251815579715729765e+00 7.594064632066557241e-01 8.968896473404586178e-01 2.353865542899030938e+00 9.804066230949339822e-01 2.223089956156041808e+03 2.000000000000000000e+00
1.405180395975395014e+00 2.352231359619997519e+00 2.362554465742320087e+00 3.422410138464096807e+00 2.252318413284190246e+00 7.688806620657373525e-01 9.034112005625153374e-01 2.354075306123347477e+00 9.896769169803336652e-01 2.223090043423807856e+03 2.000000000000000000e+00
1.405166159598884912e+00 2.351353963604119190e+00 2.363134834905686432e+00 3.423920857259296735e+00 2.254108008601548363e+00 7.617767405920191637e-01 9.046299773107813191e-01 2.355449234419188631e+00 9.884201453657350811e-01 2.223090027506442766e+03 2.000000000000000000e+00
1.404932785254006777e+00 2.343596454464863310e+00 2.360780461261263952e+00 3.422923196154019188e+00 2.251020141135816388e+00 7.579092085474316010e-01 8.990746230697685970e-01 2.354544240438384506e+00 9.789427612119924182e-01 2.223090029312133538e+03 2.000000000000000000e+00
1.405178078296096977e+00 2.356285751792383643e+00 2.366286271898385696e+00 3.421725899495189349e+00 2.252083587060957015e+00 7.725079523279926308e-01 9.074109629465649807e-01 2.353451193838810074e+00 9.835934217461924645e-01 2.223090046350099328e+03 2.000000000000000000e+00
1.404992053013721209e+00 2.351973463663619590e+00 2.362000464966392599e+00 3.422440496817154898e+00 2.251325309467748337e+00 7.758872170102968369e-01 8.953823986997382356e-01 2.354101286687297012e+00 9.800308399761633593e-01 2.223090095056939390e+03 2.000000000000000000e+00
1.405238326639997704e+00 2.347954981313231659e+00 2.361346564657405445e+00 3.422327013083852343e+00 2.250861313486153037e+00 7.539489029530104247e-01 8.983382777998718538e-01 2.353995914895322450e+00 9.776622057963998413e-01 2.223090094109277288e+03 2.000000000000000000e+00
1.404933792686493987e+00 2.348919181346954321e+00 2.361035570243285697e+00 3.422291562673463350e+00 2.251936859044600947e+00 7.690366938750746728e-01 8.931918884038251294e-01 2.353968537232561165e+00 9.839300497428987713e-01 2.223090061780462293e+03 2.000000000000000000e+00
1.404970566634657247e+00 2.351165632135670869e+00 2.361244404424179155e+00 3.423773266182494890e+00 2.251047326561142370e+00 7.748403878487023499e-01 8.979999944557747193e-01 2.355314531704048697e+00 9.772919032476741208e-01 2.223089977447416459e+03 2.000000000000000000e+00
1.404937804240732557e+00 2.351287811193877531e+00 2.359697783762757073e+00 3.421296218236121067e+00 2.252914680601102226e+00 7.614089387418321309e-01 9.064041059196806804e-01 2.353060663655333062e+00 9.877930550527044273e-01 2.223090020924703822e+03 2.000000000000000000e+00
1.404929637408978360e+00 2.349149337927779690e+00 2.363616211061652095e+00 3.422237524587476987e+00 2.250507316491963117e+00 7.549587877637009559e-01 9.098824395028675127e-01 2.353919362686948347e+00 9.751681996748754466e-01 2.223090088345832100e+03 2.000000000000000000e+00
1.405180219693525467e+00 2.354998984502985504e+00 2.362587913858607447e+00 3.422339010550290883e+00 2.250041921510178788e+00 7.723746473159897041e-01 9.057125965660720590e-01 2.354010441195313330e+00 9.698646387561838944e-01 2.223090057119488847e+03 2.000000000000000000e+00
1.405240170048600801e+00 2.347271977809893162e+00 2.356522694726980394e+00 3.423872997467652279e+00 2.251115387135462775e+00 7.685385271247516803e-01 9.019319488494200732e-01 2.355405167281224177e+00 9.725711080222499971e-01 2.223089983428214964e+03 2.000000000000000000e+00
1.404989317049445630e+00 2.345425217351242431e+00 2.360042275205954887e+00 3.424105017664599959e+00 2.251924588096206215e+00 7.732012984962710611e-01 9.008676145705462046e-01 2.355617953611164772e+00 9.736502291006410292e-01 2.223090019635681529e+03 2.000000000000000000e+00
