1.012688737807321937e+00 2.816291950107493225e+00 3.130500183289813609e+00 9.670068148749964010e+00 3.804606383130952452e+00 2.144646864780816031e+03 2.000000000000000000e+00
1.013052123443767716e+00 2.816292285855074962e+00 3.130500337754273055e+00 9.670235872738928151e+00 3.804606426755487103e+00 2.144646856630152797e+03 2.000000000000000000e+00
1.012745089270466359e+00 2.816291998436163624e+00 3.130500195438962852e+00 9.670352570425210459e+00 3.804606396660946910e+00 2.144646844620090178e+03 2.000000000000000000e+00
1.013011968608962032e+00 2.816292261451720957e+00 3.130500317508026153e+00 9.669954810203241991e+00 3.804606440139514767e+00 2.144646870609733924e+03 2.000000000000000000e+00
1.013144342076599758e+00 2.816292362040804242e+00 3.130500371388460046e+00 9.669812920352217844e+00 3.804606460323500805e+00 2.144646890753821481e+03 2.000000000000000000e+00
1.019909825616224452e+00 2.816291926731667061e+00 3.130500138203956784e+00 9.696686927202057049e+00 9.083298789910477566e+00 2.146098277511995093e+03 2.000000000000000000e+00
1.012649054061387277e+00 2.816291913756621135e+00 3.130500157483879331e+00 9.670197241015003442e+00 3.804606392232578127e+00 2.144646860063575787e+03 2.000000000000000000e+00
1.012711803104044739e+00 2.816291979992691541e+00 3.130500185415238334e+00 9.670240220549757737e+00 3.804606383290741523e+00 2.144646853049558558e+03 2.000000000000000000e+00
1.013007672891528488e+00 2.816292372516595588e+00 3.130500359040345071e+00 9.654553572315922594e+00 3.804606448983690381e+00 2.144647797170985541e+03 2.000000000000000000e+00
1.012604483503671382e+00 2.816292529754592433e+00 3.139522786582932490e+00 1.031582010821643713e+01 3.804611529648762591e+00 2.144618656287202612e+03 2.000000000000000000e+00
1.012873406513318697e+00 2.816296010844252962e+00 3.130510273171966062e+00 1.028398933914854574e+01 3.829451791350093171e+00 2.144620116143220002e+03 2.000000000000000000e+00
1.012879220985578588e+00 2.816292389429436493e+00 3.130478471662182738e+00 1.024799300628206744e+01 3.828797868018491979e+00 2.144621267454643203e+03 2.000000000000000000e+00
1.012573065376171311e+00 2.815192978736780205e+00 3.129996630192206197e+00 1.030717085505169450e+01 3.781874063563972488e+00 2.144619291805115608e+03 2.000000000000000000e+00
1.012878082828840842e+00 2.815835400181804005e+00 3.136177516546781341e+00 1.024314538253139695e+01 3.824001283086895242e+00 2.144621294184393264e+03 2.000000000000000000e+00
1.012847501160188957e+00 2.816333346270809557e+00 3.130717883449906758e+00 1.045993328360801300e+01 3.780102465518361932e+00 2.144614903844398214e+03 2.000000000000000000e+00
1.012551998173603751e+00 2.816292224166497604e+00 3.130502561132415540e+00 1.042376888545331681e+01 3.830809622223021016e+00 2.144615970833240681e+03 2.000000000000000000e+00
1.012874928589114099e+00 2.816053755729135410e+00 3.130632123803118727e+00 1.026332572276456645e+01 3.828890089695967891e+00 2.144620762247464882e+03 2.000000000000000000e+00
1.012853274135421922e+00 2.816351761946922494e+00 3.130483530505869361e+00 1.043976329117862356e+01 3.831244099132263159e+00 2.144615548968979965e+03 2.000000000000000000e+00
1.012491983706906851e+00 2.816160094524829738e+00 3.119649505975761627e+00 1.090853131850095892e+01 3.809712989179857345e+00 2.144604776365082671e+03 2.000000000000000000e+00
1.012831926604697452e+00 2.816453796840102886e+00 3.128590679605780078e+00 1.058944960838157279e+01 3.779466293049034586e+00 2.144611653761035086e+03 2.000000000000000000e+00
1.012735371321122013e+00 2.816974989192519541e+00 3.128578427382934457e+00 1.099821891168233634e+01 3.779116438172530845e+00 2.144603676314384302e+03 2.000000000000000000e+00
1.012724702720720238e+00 2.817442254889540809e+00 3.119689825185857579e+00 1.108854209481942199e+01 3.799283406093686200e+00 2.144601924708805200e+03 2.000000000000000000e+00
1.012722624367965008e+00 2.816293958888844706e+00 3.130481843193297031e+00 1.136706700049349372e+01 3.832435181994381157e+00 2.144598885987718404e+03 2.000000000000000000e+00
1.012705528794686671e+00 2.816210142200966882e+00 3.130162615712149599e+00 1.178914087941019595e+01 3.778742437014198874e+00 2.144595030954900722e+03 2.000000000000000000e+00
1.012709911297466903e+00 2.816386360776516717e+00 3.129547791200743223e+00 1.164308168896473106e+01 3.778833035863524703e+00 2.144596157164453871e+03 2.000000000000000000e+00
1.012470514406145883e+00 2.815715207933795927e+00 3.140697180170239466e+00 1.204416620002534977e+01 3.799314336817496862e+00 2.144592979156203000e+03 2.000000000000000000e+00
1.012700428252751639e+00 2.815919299849414248e+00 3.126162239339473459e+00 1.204940190724069460e+01 3.781270991724875685e+00 2.144593296684437064e+03 2.000000000000000000e+00
1.012473373829680057e+00 2.815231047567266831e+00 3.125275462571775797e+00 1.218369972337194262e+01 3.782798939523387194e+00 2.144592550351687350e+03 2.000000000000000000e+00
1.012698632097839280e+00 2.816459576073913063e+00 3.129687207400678073e+00 1.223546562942262739e+01 3.831205808665824275e+00 2.144592460899378239e+03 2.000000000000000000e+00
1.012479793561233521e+00 2.816985802017304863e+00 3.128878929751158111e+00 1.226828485051947482e+01 3.778411395399657646e+00 2.144592324631670181e+03 2.000000000000000000e+00
