4.368958793470454488e-02 1.606323752062153609e+00 1.714062416305317749e+00 3.132420118217243310e+00 1.770266395558403261e+00 -3.420941977389648225e-01 -3.168225431650518176e-01 -3.330856459926988949e-02 -4.601535836739330532e-01 1.950824387089751781e+03 2.000000000000000000e+00
4.368216284717726244e-02 1.606228175561503990e+00 1.715017818894497115e+00 3.132618116319908275e+00 1.769691473759469780e+00 -3.422478684953132455e-01 -3.152249870762169337e-01 -3.336870581861048346e-02 -4.613599411717163035e-01 1.950824371642699134e+03 2.000000000000000000e+00
4.368942649446327237e-02 1.608615390886005914e+00 1.714052711501289350e+00 3.132452867226259929e+00 1.768991188250203184e+00 -3.384080611518855974e-01 -3.168387625321788525e-01 -3.331872784424222411e-02 -4.628309694812131614e-01 1.950824382866805990e+03 2.000000000000000000e+00
4.368982383490353782e-02 1.607804749541824840e+00 1.714779865618471622e+00 3.132471454635045838e+00 1.768704362995530133e+00 -3.397113826010177418e-01 -3.156228318766416963e-01 -3.332307934953659956e-02 -4.634340587088011110e-01 1.950824368128397282e+03 2.000000000000000000e+00
4.368919745178760639e-02 1.606123927287846920e+00 1.714779194100666926e+00 3.132429156760975886e+00 1.770011169979457177e+00 -3.424158581510935440e-01 -3.156239562038838931e-01 -3.331108272065899656e-02 -4.606889614550568335e-01 1.950824383390094226e+03 2.000000000000000000e+00
4.369056575861324926e-02 1.608759982618880535e+00 1.714414592229426493e+00 3.132466563221625311e+00 1.768902870341156008e+00 -3.381757275401301999e-01 -3.162335425801354738e-01 -3.332153634217788901e-02 -4.630166584991458611e-01 1.950824388180342794e+03 2.000000000000000000e+00
4.368384019624758918e-02 1.607798732907778749e+00 1.714773671233815300e+00 3.132478325346062409e+00 1.768787112977873610e+00 -3.397208746367469390e-01 -3.156331154759527413e-01 -3.332946205980687193e-02 -4.632600824701450515e-01 1.950824347653417135e+03 2.000000000000000000e+00
4.368916124835992010e-02 1.607534156418312765e+00 1.714791339488834332e+00 3.132444762195322419e+00 1.768725292005586480e+00 -3.401465704096029996e-01 -3.156036414077857954e-01 -3.331567468509954305e-02 -4.633899995700582197e-01 1.950824370838623508e+03 2.000000000000000000e+00
4.368207503729803348e-02 1.606082654434709767e+00 1.714779074166713269e+00 3.132620575235876448e+00 1.770011141750437833e+00 -3.424821281527384853e-01 -3.156240752632193391e-01 -3.336946323055119124e-02 -4.606890445768744846e-01 1.950824387487225295e+03 2.000000000000000000e+00
4.369043231738951871e-02 1.607779485064821712e+00 1.713158775781362220e+00 3.132413441756316974e+00 1.770004463638123804e+00 -3.397520183719764386e-01 -3.183345359124506446e-01 -3.330548073550262944e-02 -4.607030304858336645e-01 1.950824390702397977e+03 2.000000000000000000e+00
4.368928985450926117e-02 1.606614470679627038e+00 1.713801817924817561e+00 3.132431291712485688e+00 1.769448214513726025e+00 -3.416262638896015447e-01 -3.172584727717071562e-01 -3.331200395969808464e-02 -4.618707082570461253e-01 1.950824391000322976e+03 2.000000000000000000e+00
4.368178444191607446e-02 1.606421521321275359e+00 1.714339769791499490e+00 3.132630132473954276e+00 1.769414460202416883e+00 -3.419366167993079242e-01 -3.163585987236174346e-01 -3.337281312623326807e-02 -4.619416312703477079e-01 1.950824371746427914e+03 2.000000000000000000e+00
4.368876820628388169e-02 1.606529987382137925e+00 1.713765486530864246e+00 3.132443411998832250e+00 1.769895391650068595e+00 -3.417622234553850391e-01 -3.173192484917956580e-01 -3.331532413795763869e-02 -4.609319144428847825e-01 1.950824377828917250e+03 2.000000000000000000e+00
4.368184128262131427e-02 1.606199323943534374e+00 1.715106321277987345e+00 3.132627797707496331e+00 1.769990480255336784e+00 -3.422943034648037175e-01 -3.150770703759775415e-01 -3.337209047874393347e-02 -4.607324018936593824e-01 1.950824372357123138e+03 2.000000000000000000e+00
4.368177946186119209e-02 1.606849290350612858e+00 1.714699618281372295e+00 3.132640391142966774e+00 1.771089510479058937e+00 -3.412481803496353328e-01 -3.157568963764699754e-01 -3.337559403436657357e-02 -4.584286567079995378e-01 1.950824376299973210e+03 2.000000000000000000e+00
4.368952068208199757e-02 1.606538626950141380e+00 1.715850199224115746e+00 3.132430944825939090e+00 1.770301279548379014e+00 -3.417483376261107320e-01 -3.138342577185448956e-01 -3.331188415920423307e-02 -4.600804351476489584e-01 1.950824393089555997e+03 2.000000000000000000e+00
4.368247936604464920e-02 1.608856837620658453e+00 1.714264552045922763e+00 3.132644755439686790e+00 1.769019198210288080e+00 -3.380198002490245046e-01 -3.164843706322594818e-01 -3.337691940563362186e-02 -4.627721229906592848e-01 1.950824391019881205e+03 2.000000000000000000e+00
4.368263537471885755e-02 1.608980043979199470e+00 1.713942566488832586e+00 3.132639712576038793e+00 1.769401858515646131e+00 -3.378218210339860583e-01 -3.170229277065912399e-01 -3.337538432351985079e-02 -4.619680984637893340e-01 1.950824378035142217e+03 2.000000000000000000e+00
4.369031825121998114e-02 1.608997275471818922e+00 1.714433660765292800e+00 3.132440794989725941e+00 1.769174255272242036e+00 -3.377943112526509695e-01 -3.162016628882416414e-01 -3.331317889355328576e-02 -4.624462286581661474e-01 1.950824372431206257e+03 2.000000000000000000e+00
4.368926556497196995e-02 1.607321287827647049e+00 1.716057177679850332e+00 3.132444820048923884e+00 1.769354610816206819e+00 -3.404889746909511294e-01 -3.134885431124818100e-01 -3.331568383533032446e-02 -4.620673178422018412e-01 1.950824373307571705e+03 2.000000000000000000e+00
4.368969850907641200e-02 1.607045279349364364e+00 1.713874481197716682e+00 3.132435488858832606e+00 1.770965984902395096e+00 -3.409330119461346786e-01 -3.171369079407138636e-01 -3.331148640473035466e-02 -4.586873442520107425e-01 1.950824386446061908e+03 2.000000000000000000e+00
4.368899944036590266e-02 1.608497135387863208e+00 1.715501246217047582e+00 3.132448301641329813e+00 1.771010297343390327e+00 -3.385981671552020233e-01 -3.144172176002300034e-01 -3.331906272356174870e-02 -4.585945388657785005e-01 1.950824368019719941e+03 2.000000000000000000e+00
4.368185299357883744e-02 1.606634299696671375e+00 1.714549577263868363e+00 3.132634871082388361e+00 1.770974863061254734e+00 -3.415941523714131622e-01 -3.160077593270218532e-01 -3.337425574155143682e-02 -4.586687639762128677e-01 1.950824383991333661e+03 2.000000000000000000e+00
4.368193736884182221e-02 1.607787636871624182e+00 1.715319389606664302e+00 3.132649467235852025e+00 1.771239127638732702e+00 -3.397386865300587311e-01 -3.147209885390802042e-01 -3.337866942776818169e-02 -4.581153785582010585e-01 1.950824374698755946e+03 2.000000000000000000e+00
4.369009033911196160e-02 1.608833890791959043e+00 1.713751393445248183e+00 3.132434782045026456e+00 1.769441194531154560e+00 -3.380568925851303863e-01 -3.173428257148742104e-01 -3.331305048317131923e-02 -4.618854648407380026e-01 1.950824377976566211e+03 2.000000000000000000e+00
4.368917920079531253e-02 1.606787302357023384e+00 1.714834955326136612e+00 3.132435678450227634e+00 1.768978941621209611e+00 -3.413481295863899923e-01 -3.155307323458024227e-01 -3.331332320252748669e-02 -4.628567025465397666e-01 1.950824374765055609e+03 2.000000000000000000e+00
4.368935462664066266e-02 1.606558314234661333e+00 1.713760192936702342e+00 3.132427931445717295e+00 1.770276654897236401e+00 -3.417166460783735427e-01 -3.173281044611875323e-01 -3.331067064350471535e-02 -4.601320649408180974e-01 1.950824382279953170e+03 2.000000000000000000e+00
4.369007647840676689e-02 1.609351438181596317e+00 1.714666499510361986e+00 3.132445391039912597e+00 1.769549181343716526e+00 -3.372252666015853606e-01 -3.158123565136000122e-01 -3.331600814432501140e-02 -4.616586743981149210e-01 1.950824377669968499e+03 2.000000000000000000e+00
4.368906262092765030e-02 1.606561666051586013e+00 1.713744417144185350e+00 3.132435804813958669e+00 1.770199520525174597e+00 -3.417112473220989544e-01 -3.173544971838912487e-01 -3.331336885925261643e-02 -4.602938410534500591e-01 1.950824379213351222e+03 2.000000000000000000e+00
4.368897496011557580e-02 1.606306507472754275e+00 1.715090143121866362e+00 3.132439029367951822e+00 1.770554622623575991e+00 -3.421219417396169082e-01 -3.151041897824786719e-01 -3.331432899992251007e-02 -4.595492712804626900e-01 1.950824380736772582e+03 2.000000000000000000e+00
