1.582264197108444570e+00 -1.662141548971294958e+00 -1.696426066691002488e+00 -1.776093094110854587e+00 -1.738469983407666675e+00 2.258483965380960854e+03 2.000000000000000000e+00
1.581950715446136302e+00 -1.673638446340576680e+00 -1.688025852571316099e+00 -1.776092595901768156e+00 -1.740691438512350420e+00 2.258483950622932753e+03 2.000000000000000000e+00
1.582206237032373508e+00 -1.654895072679923196e+00 -1.680925295901163352e+00 -1.776091845135870262e+00 -1.740438412841528892e+00 2.258483985552073591e+03 2.000000000000000000e+00
1.582238388600707424e+00 -1.661804895740496724e+00 -1.690533297377650790e+00 -1.773755681313122778e+00 -1.735947396119915220e+00 2.258483802681500492e+03 2.000000000000000000e+00
1.582172511055641717e+00 -1.661360151725134848e+00 -1.695838564583044938e+00 -1.776093282980282462e+00 -1.738227545676547470e+00 2.258483935115313216e+03 2.000000000000000000e+00
1.581846241425207467e+00 -1.662294442739107758e+00 -1.676700667844851056e+00 -1.776094137740524381e+00 -1.738655394682219191e+00 2.258483974878651679e+03 2.000000000000000000e+00
1.582187400681154710e+00 -1.670828598564249257e+00 -1.679641127826468239e+00 -1.776092419275216994e+00 -1.737865894516532839e+00 2.258483955944828267e+03 2.000000000000000000e+00
1.581974108651710509e+00 -1.669195385250474617e+00 -1.678099017868788456e+00 -1.776083546607731378e+00 -1.741704653230353950e+00 2.258483992481524183e+03 2.000000000000000000e+00
1.581926138034903451e+00 -1.663777034922956144e+00 -1.676904191342424300e+00 -1.776094164057303804e+00 -1.738914134605296535e+00 2.258483951447309664e+03 2.000000000000000000e+00
1.582247521899251552e+00 -1.653035769240033925e+00 -1.688966043269509054e+00 -1.776093309956627841e+00 -1.738831117574980212e+00 2.258483997481275310e+03 2.000000000000000000e+00
1.581917620780084688e+00 -1.654035528528404964e+00 -1.690629644265925879e+00 -1.776092802334398701e+00 -1.740783452754731453e+00 2.258483981632617997e+03 2.000000000000000000e+00
1.581886840518070825e+00 -1.666721860810205902e+00 -1.692722755492747311e+00 -1.776100879950037070e+00 -1.732630110396503165e+00 2.258483937390882147e+03 2.000000000000000000e+00
1.581933419287621989e+00 -1.653985678500602186e+00 -1.684217533156243229e+00 -1.776093766624266879e+00 -1.735737712160082769e+00 2.258483976249442094e+03 2.000000000000000000e+00
1.581932381498645679e+00 -1.659546429423873981e+00 -1.677872147569212880e+00 -1.776095435910528764e+00 -1.738419763475074875e+00 2.258483945284699075e+03 2.000000000000000000e+00
1.582186901181523053e+00 -1.664232631002506402e+00 -1.677317305173174233e+00 -1.776091295331513553e+00 -1.737579154591423647e+00 2.258483934210059488e+03 2.000000000000000000e+00
1.581922469083643090e+00 -1.671974996663998070e+00 -1.690784707132314990e+00 -1.776087259985565936e+00 -1.734791800826678498e+00 2.258483962171304483e+03 2.000000000000000000e+00
1.582200878728464266e+00 -1.653249286909426630e+00 -1.686610363135960133e+00 -1.776087667588928110e+00 -1.740990818613859625e+00 2.258483980103410431e+03 2.000000000000000000e+00
1.582197902056720729e+00 -1.659887651739502257e+00 -1.678952157427190839e+00 -1.776089758084158587e+00 -1.743503960842808675e+00 2.258483954767725663e+03 2.000000000000000000e+00
1.581919720116875760e+00 -1.667900015150128645e+00 -1.690729787348302704e+00 -1.776054444177392000e+00 -1.746142141246296520e+00 2.258483939554333119e+03 2.000000000000000000e+00
1.582202171846071259e+00 -1.662202958928054697e+00 -1.676815446882134131e+00 -1.776092253948095889e+00 -1.739906113301824098e+00 2.258483966781674098e+03 2.000000000000000000e+00
1.582202264259311431e+00 -1.672999116923405083e+00 -1.683724617718717287e+00 -1.776102445475404412e+00 -1.734873956525426975e+00 2.258483984023106132e+03 2.000000000000000000e+00
1.582206974794826859e+00 -1.665983891922059756e+00 -1.695507671812990003e+00 -1.776174783609338448e+00 -1.735647653250801170e+00 2.258483952977626359e+03 2.000000000000000000e+00
1.581887871822855285e+00 -1.668018773612435446e+00 -1.694943162469874309e+00 -1.776086564856767192e+00 -1.742131787516420616e+00 2.258483960386291983e+03 2.000000000000000000e+00
1.581892325287390433e+00 -1.670136200219597189e+00 -1.684805011761229210e+00 -1.776103615376342981e+00 -1.745857678382431555e+00 2.258483952972482257e+03 2.000000000000000000e+00
1.581906786867878667e+00 -1.656492825638913979e+00 -1.682117947559392146e+00 -1.776093718166321889e+00 -1.744249699851968760e+00 2.258483966528160181e+03 2.000000000000000000e+00
1.581919234237453509e+00 -1.659493455117319050e+00 -1.687776366769736747e+00 -1.776085010172558931e+00 -1.746700254586011081e+00 2.258483921699561506e+03 2.000000000000000000e+00
1.581915310455368484e+00 -1.653312575174906707e+00 -1.688796283097927065e+00 -1.776346826528876433e+00 -1.741192399205989227e+00 2.258483994107630679e+03 2.000000000000000000e+00
1.581900035415022332e+00 -1.658187956542071628e+00 -1.691752272989789807e+00 -1.776092023956554966e+00 -1.744800665330263678e+00 2.258483944941227037e+03 2.000000000000000000e+00
1.581945958657165141e+00 -1.653646408412528634e+00 -1.686262013635537738e+00 -1.776090902320593745e+00 -1.736326284578831869e+00 2.258483965091772916e+03 2.000000000000000000e+00
1.582217650887549842e+00 -1.664929434249101003e+00 -1.692788347113333147e+00 -1.776102145017861123e+00 -1.732325473392886339e+00 2.258483931326802121e+03 2.000000000000000000e+00
