-1.918329250382536377e-01 1.124239896210840861e+00 1.176933970295729326e+00 1.092515710480101543e+00 1.063940694212973437e+00 1.979870567789991583e+03 2.000000000000000000e+00
-1.917537708477876357e-01 1.124344071104057763e+00 1.176921698558834217e+00 1.092672118923031954e+00 1.064004817806320391e+00 1.979870568675645927e+03 2.000000000000000000e+00
-1.917962939164003788e-01 1.124671200833561313e+00 1.176929214099424303e+00 1.092660382995300772e+00 1.063931831605919642e+00 1.979870573446544086e+03 2.000000000000000000e+00
-1.917969032523564044e-01 1.124307118041024234e+00 1.176877109528148280e+00 1.092669964444336950e+00 1.063932871064556585e+00 1.979870567103203712e+03 2.000000000000000000e+00
-1.916976072955189070e-01 1.124420843042630569e+00 1.176791254958150068e+00 1.092811234824393685e+00 1.064104450298333671e+00 1.979870575077127796e+03 2.000000000000000000e+00
-1.918972329276397160e-01 1.124400456368401580e+00 1.176981114016509400e+00 1.092736846251597393e+00 1.063951576197018190e+00 1.979870567558485163e+03 2.000000000000000000e+00
-1.920182954564761402e-01 1.124315894625857792e+00 1.176823345349878869e+00 1.092725617155792195e+00 1.064000296625952746e+00 1.979870572860256289e+03 2.000000000000000000e+00
-1.918786304068289261e-01 1.124299149179775803e+00 1.176879142666198641e+00 1.092657216283298816e+00 1.064267367394458041e+00 1.979870571682827858e+03 2.000000000000000000e+00
-1.918451309146882444e-01 1.124308828535125926e+00 1.176920546425006986e+00 1.092649933613567104e+00 1.063935203125388806e+00 1.979870566380987839e+03 2.000000000000000000e+00
-1.919875129515527801e-01 1.124312690142261761e+00 1.176931327559183282e+00 1.092516012643276913e+00 1.063976043332507393e+00 1.979870571301050632e+03 2.000000000000000000e+00
-1.918247128504209642e-01 1.124318635285619594e+00 1.176794935073183890e+00 1.092604476003345981e+00 1.063875736145516226e+00 1.979870567734865290e+03 2.000000000000000000e+00
-1.918234936408736435e-01 1.124320868943485152e+00 1.176972230700840338e+00 1.092542200032621036e+00 1.063994116941306745e+00 1.979870567602215260e+03 2.000000000000000000e+00
-1.918406201414998846e-01 1.124246621222309450e+00 1.176980085948277521e+00 1.092710683297257068e+00 1.063997755578058202e+00 1.979870567002930102e+03 2.000000000000000000e+00
-1.918600295522373822e-01 1.123957843496930398e+00 1.176934252317410445e+00 1.092776580005100362e+00 1.063892454449987701e+00 1.979870572992037296e+03 2.000000000000000000e+00
-1.919889295320898470e-01 1.124212973780972513e+00 1.176838605527040782e+00 1.092576331968497572e+00 1.063946511132794592e+00 1.979870571423398133e+03 2.000000000000000000e+00
-1.918675398705954049e-01 1.124215354163852210e+00 1.176909581269324434e+00 1.092624687569703212e+00 1.063835784665349005e+00 1.979870567389866892e+03 2.000000000000000000e+00
-1.917793400998762665e-01 1.124210509019667903e+00 1.176933502406172005e+00 1.092746506574209908e+00 1.063982518451714654e+00 1.979870568314487628e+03 2.000000000000000000e+00
-1.920202794286884340e-01 1.124311373125353342e+00 1.176929569391263142e+00 1.092716042829979584e+00 1.063928796649266095e+00 1.979870572258992979e+03 2.000000000000000000e+00
-1.917578159195008070e-01 1.124288149566477379e+00 1.176767521168392339e+00 1.092737145905433582e+00 1.063995077519063859e+00 1.979870569860876003e+03 2.000000000000000000e+00
-1.920003166916491866e-01 1.124309969962209887e+00 1.176923567791749115e+00 1.092672931107752987e+00 1.063932983591298731e+00 1.979870570858669453e+03 2.000000000000000000e+00
-1.918098754653126126e-01 1.124422579090950558e+00 1.176974438891925878e+00 1.092649249738494976e+00 1.064000594573164538e+00 1.979870567735511941e+03 2.000000000000000000e+00
-1.917975235229772701e-01 1.124380888410970059e+00 1.176923719047777706e+00 1.092670341751017515e+00 1.063932378635048970e+00 1.979870567239689308e+03 2.000000000000000000e+00
-1.918282573297179217e-01 1.124304489001580754e+00 1.176906824903517501e+00 1.092603087978119669e+00 1.063866154223995997e+00 1.979870566924779041e+03 2.000000000000000000e+00
-1.918703643700024608e-01 1.124084645773618663e+00 1.176913974044637268e+00 1.092855161305477996e+00 1.064031533003501950e+00 1.979870570835926173e+03 2.000000000000000000e+00
-1.917273904891398095e-01 1.124359235461171780e+00 1.176882289780373014e+00 1.092653193475351392e+00 1.063828773974623720e+00 1.979870570373811461e+03 2.000000000000000000e+00
-1.917608727578684613e-01 1.124292823883092485e+00 1.176932734501763722e+00 1.092776605964156156e+00 1.063924822807203352e+00 1.979870568637163615e+03 2.000000000000000000e+00
-1.918754046950196246e-01 1.124304035146467706e+00 1.176933922044940406e+00 1.092667486894798090e+00 1.063966275248371618e+00 1.979870566504809176e+03 2.000000000000000000e+00
-1.918195730448419845e-01 1.124433038301123178e+00 1.176929021421251109e+00 1.092703373239967579e+00 1.064071329394506771e+00 1.979870568231460084e+03 2.000000000000000000e+00
-1.917865961336149838e-01 1.124268061758838311e+00 1.176931066251513336e+00 1.092735604680713513e+00 1.064006383290814872e+00 1.979870567767880630e+03 2.000000000000000000e+00
-1.919768147541953407e-01 1.124211022023450246e+00 1.176948643784706094e+00 1.092616371901139249e+00 1.064095993012690533e+00 1.979870571376942053e+03 2.000000000000000000e+00
