8.743393538721123681e-01 1.916632085931849749e+00 -3.180743321056153317e+00 2.976329639092829549e+00 2.155821887657234370e+00 -3.279311731741982316e-01 4.538566577044893968e+00 2.716120066511322206e-01 -3.671542661701761023e-01 2.116944093400190468e+03 2.000000000000000000e+00
9.047911196593243499e-01 -3.509213253785945508e+00 2.005552598274078058e+00 2.976241277306443500e+00 7.310503798530832320e+00 6.387897744187847060e+00 -3.088949863698656761e-01 2.715612383414911513e-01 -2.104844351270767966e+00 2.123034073143384376e+03 2.000000000000000000e+00
1.638929441608598436e+00 1.916641565302364292e+00 2.005541131626606077e+00 -2.703673674015087958e+00 2.137051410292079012e+00 -3.279561191425059974e-01 -3.088670533729271916e-01 5.782074937628213895e+00 -3.284011240218767669e-01 2.269896690035198390e+03 2.000000000000000000e+00
1.032989615421427310e+00 1.916638868134611595e+00 5.056637709226748711e+00 2.976442824221065209e+00 -3.191857152723126312e+00 -3.279469340497497276e-01 -2.091001217908523557e+00 2.716756653213622252e-01 7.382241235894024811e+00 2.148625984716680705e+03 2.000000000000000000e+00
1.475086142860619273e-02 1.916262173457160101e+00 2.004940912443059720e+00 2.976406678822193008e+00 2.152268061678507038e+00 -3.269611087312118136e-01 -3.074038075895054178e-01 2.716561659943268481e-01 -3.599421101091876962e-01 1.945037911274165026e+03 2.000000000000000000e+00
1.475038406497917835e-02 1.916553314211981940e+00 2.005700691459385787e+00 2.976536096392531139e+00 2.155061314195434896e+00 -3.277246195158471931e-01 -3.092557478565166607e-01 2.717306362166921896e-01 -3.656157582475054180e-01 1.945037951012106987e+03 2.000000000000000000e+00
1.638981207916785809e+00 1.916758710838728286e+00 2.018986774038612264e+00 -2.720508713892892505e+00 2.150385616695827284e+00 -3.282634969573528516e-01 -3.411195701145336434e-01 6.689628358475287584e+00 -3.560988006788781690e-01 2.269907840320618561e+03 2.000000000000000000e+00
1.475138243559079819e-02 1.917245572338019066e+00 2.005681540741540037e+00 2.976359806751082804e+00 2.152181687137975974e+00 -3.295384733220108608e-01 -3.092090918751976836e-01 2.716295251772707919e-01 -3.597661286881629339e-01 1.945037932533642106e+03 2.000000000000000000e+00
1.475094818200223951e-02 1.915652276676246935e+00 2.005897466208631741e+00 2.976408303628409246e+00 2.153691745098786914e+00 -3.253597555341922742e-01 -3.097347646164437807e-01 2.716571265845330041e-01 -3.628383447405089113e-01 1.945037871270077630e+03 2.000000000000000000e+00
1.474948383325176519e-02 1.917669708962537856e+00 2.005845846103920582e+00 2.976406384372163316e+00 2.153738461613540434e+00 -3.306475465415082415e-01 -3.096091103174665182e-01 2.716560119956255570e-01 -3.629332226806465389e-01 1.945037890721906024e+03 2.000000000000000000e+00
1.475079986868163204e-02 1.915780401748663042e+00 2.005874076356679581e+00 2.976409853316256626e+00 2.154089812302658391e+00 -3.256963560472993513e-01 -3.096778336029064604e-01 2.716579414789151437e-01 -3.636464925887923361e-01 1.945037861549022637e+03 2.000000000000000000e+00
1.475086066070820448e-02 1.915666631573415879e+00 2.006190006742675003e+00 2.976496997383071275e+00 2.152916984315222937e+00 -3.253966049675969807e-01 -3.104468369469018940e-01 2.717079531984254448e-01 -3.612633969858440874e-01 1.945037937585619602e+03 2.000000000000000000e+00
1.475145889860582198e-02 1.916946981195356781e+00 2.005694698336067727e+00 2.976421577976597899e+00 2.155064892266546739e+00 -3.287565742001516411e-01 -3.092411663410667422e-01 2.716650239475154605e-01 -3.656229785374008334e-01 1.945037955760801196e+03 2.000000000000000000e+00
1.475138837119743286e-02 1.917168263972080178e+00 2.005416281880982865e+00 2.976375506920606817e+00 2.154839847689781873e+00 -3.293360480639668797e-01 -3.085628173468645263e-01 2.716387243192575074e-01 -3.651672142095019336e-01 1.945037930001414907e+03 2.000000000000000000e+00
1.475035256086003679e-02 1.916939865912056451e+00 2.006769823867537994e+00 2.976475003032984734e+00 2.153752412247247783e+00 -3.287379360396108230e-01 -3.118564432741955939e-01 2.716955331316520117e-01 -3.629615478010045360e-01 1.945037928940657139e+03 2.000000000000000000e+00
1.475182254049448374e-02 1.915513134204988699e+00 2.005837935015964746e+00 2.976477515419859277e+00 2.152910326391177520e+00 -3.249929042128873458e-01 -3.095899949164757081e-01 2.716970154275644145e-01 -3.612498554932388473e-01 1.945037941946563024e+03 2.000000000000000000e+00
1.475153708012346375e-02 1.917139566402257023e+00 2.006313066518226496e+00 2.976400051787304601e+00 2.152349002414658763e+00 -3.292610063053581504e-01 -3.107461514229193367e-01 2.716528568713388325e-01 -3.601070564231383386e-01 1.945037945336423036e+03 2.000000000000000000e+00
1.475211302236128022e-02 1.916512012887057415e+00 2.004252799518436934e+00 2.976398807456141604e+00 2.153477558775410472e+00 -3.276162596752273393e-01 -3.057230782102308697e-01 2.716519320378012470e-01 -3.624032110694030973e-01 1.945037942256120004e+03 2.000000000000000000e+00
1.475094632461800698e-02 1.915758429594361267e+00 2.005842680874858619e+00 2.976408243147508514e+00 2.154211628838829107e+00 -3.256386430869786519e-01 -3.096014072089433578e-01 2.716570023366869369e-01 -3.638936584117429818e-01 1.945037881737059479e+03 2.000000000000000000e+00
1.475039681496360423e-02 1.917248897136567765e+00 2.004878840785345506e+00 2.976475934721650063e+00 2.154573336088578372e+00 -3.295473649610667910e-01 -3.072520337579865979e-01 2.716958874679463731e-01 -3.646271239874872561e-01 1.945037937740156394e+03 2.000000000000000000e+00
1.475192226218921369e-02 1.916693345882072519e+00 2.005359550161259552e+00 2.976399586058569469e+00 2.151872727433884691e+00 -3.280917797372076006e-01 -3.084245194462859052e-01 2.716525504730493701e-01 -3.591362844170195023e-01 1.945037951413539531e+03 2.000000000000000000e+00
1.475056739991913515e-02 1.917481574114310083e+00 2.005714989318932329e+00 2.976487941429068584e+00 2.152645268604847395e+00 -3.301555205326248688e-01 -3.092904971324525465e-01 2.717032865496523120e-01 -3.607103728961274514e-01 1.945037883273529815e+03 2.000000000000000000e+00
1.474963610526087640e-02 1.917530472306187894e+00 2.005346729930832517e+00 2.976408572820806508e+00 2.154163056872746562e+00 -3.302834444134610248e-01 -3.083933753934024469e-01 2.716572888838836852e-01 -3.637951155516573332e-01 1.945037877915977333e+03 2.000000000000000000e+00
1.475028371805042586e-02 1.916828692813789869e+00 2.006492506070121529e+00 2.976497018466218503e+00 2.154610928025971983e+00 -3.284465845757466584e-01 -3.111824698087186092e-01 2.717079602302648889e-01 -3.647033230335655629e-01 1.945037953779004965e+03 2.000000000000000000e+00
1.475051019655837861e-02 1.916603154180706037e+00 2.004700391192809406e+00 2.976408760812601084e+00 2.154447940685002116e+00 -3.278553398771050231e-01 -3.068168589539722602e-01 2.716572801517616598e-01 -3.643729435598700994e-01 1.945037888344155817e+03 2.000000000000000000e+00
1.475034289329092696e-02 1.916457494057912214e+00 2.006405205218811716e+00 2.976407863593825809e+00 2.154430170254936439e+00 -3.274734338447579107e-01 -3.109698499309686004e-01 2.716567717969313733e-01 -3.643369083300455058e-01 1.945037889701110544e+03 2.000000000000000000e+00
1.475162723886948475e-02 1.917118522545536718e+00 2.004411664695919360e+00 2.976399658993352570e+00 2.153382541261328775e+00 -3.292058977037526923e-01 -3.061112918921065629e-01 2.716526001340972551e-01 -3.622101136301831281e-01 1.945037923707521259e+03 2.000000000000000000e+00
1.475026619129858607e-02 1.916912223556463957e+00 2.006147644235590555e+00 2.976495887972420817e+00 2.152060928604398793e+00 -3.286654852992384468e-01 -3.103437767858003293e-01 2.717073251112911425e-01 -3.595200101113826263e-01 1.945037954495791155e+03 2.000000000000000000e+00
1.475032554356410681e-02 1.917584012674962146e+00 2.005610560490181715e+00 2.976486757567810226e+00 2.153922231706240531e+00 -3.304234475407267224e-01 -3.090361743169959818e-01 2.717026079683601547e-01 -3.633063623915559481e-01 1.945037861753969082e+03 2.000000000000000000e+00
1.475023500666559732e-02 1.917173329941190385e+00 2.004836367288090226e+00 2.976498037792020046e+00 2.152324023449299073e+00 -3.293494474350798229e-01 -3.071484067848406219e-01 2.717087318344560409e-01 -3.600561681872468389e-01 1.945037947943009385e+03 2.000000000000000000e+00
