2.401768781357425941e-01 2.069723312979610455e+03 2.000000000000000000e+00
2.402445707184876489e-01 2.069723314018268866e+03 2.000000000000000000e+00
2.400905546710769833e-01 2.069723314420068618e+03 2.000000000000000000e+00
2.401797559428646700e-01 2.069723312984978293e+03 2.000000000000000000e+00
2.400744096782807535e-01 2.069723315033568724e+03 2.000000000000000000e+00
2.402787529801961863e-01 2.069723315266874124e+03 2.000000000000000000e+00
2.402088842260861890e-01 2.069723313233184399e+03 2.000000000000000000e+00
2.401968977734417754e-01 2.069723313088316900e+03 2.000000000000000000e+00
2.402362594382561611e-01 2.069723313788113046e+03 2.000000000000000000e+00
2.402795530529370227e-01 2.069723315301918319e+03 2.000000000000000000e+00
2.401844131831062101e-01 2.069723313000962662e+03 2.000000000000000000e+00
2.401714569626560714e-01 2.069723312978856029e+03 2.000000000000000000e+00
2.401390596795185961e-01 2.069723313229156702e+03 2.000000000000000000e+00
2.402224263164114137e-01 2.069723313468743982e+03 2.000000000000000000e+00
2.402298898693605578e-01 2.069723313631171550e+03 2.000000000000000000e+00
2.402312290228141578e-01 2.069723313662766486e+03 2.000000000000000000e+00
2.401145085021120507e-01 2.069723313709626382e+03 2.000000000000000000e+00
2.401487914090021381e-01 2.069723313108095226e+03 2.000000000000000000e+00
2.402024430605618766e-01 2.069723313147908812e+03 2.000000000000000000e+00
2.400956333160023659e-01 2.069723314249503346e+03 2.000000000000000000e+00
2.402432879684115730e-01 2.069723313980872263e+03 2.000000000000000000e+00
2.402679878733330054e-01 2.069723314821231270e+03 2.000000000000000000e+00
2.402510599872664521e-01 2.069723314217941152e+03 2.000000000000000000e+00
2.402159805416144434e-01 2.069723313347110434e+03 2.000000000000000000e+00
2.402015901556642796e-01 2.069723313137910736e+03 2.000000000000000000e+00
2.402508485019960449e-01 2.069723314211157685e+03 2.000000000000000000e+00
2.401773615241444559e-01 2.069723312980271658e+03 2.000000000000000000e+00
2.401985385427649333e-01 2.069723313104617318e+03 2.000000000000000000e+00
2.400884939751121994e-01 2.069723314492336613e+03 2.000000000000000000e+00
2.401094176890699594e-01 2.069723313840640913e+03 2.000000000000000000e+00
