8.602315393926500409e-02 2.328647938414122098e+00 1.919838712253245872e+00 1.831530998730367399e+00 1.963329508682774671e+00 -3.294381780378614621e-01 -4.585551012520291403e-01 -1.146093184349690347e-01 -3.985072915463265253e-01 2.037609391407958356e+03 2.000000000000000000e+00
3.722638053123836777e-01 2.286026518090882309e+00 -3.938421736083397295e-01 1.826201084217826898e+00 1.917807081111484679e+00 -3.113868035458168260e-01 9.584677157607233156e+00 -1.127951262840240360e-01 -3.833904783531043581e-01 2.097137921620720135e+03 2.000000000000000000e+00
8.595119736096473728e-02 2.323489426959948645e+00 1.943036509125322331e+00 1.835363057059979708e+00 1.940646255857739089e+00 -3.272327853216688842e-01 -4.653576218510060425e-01 -1.159213092409329821e-01 -3.908568413503987760e-01 2.037609303634152184e+03 2.000000000000000000e+00
8.560389381794253350e-02 2.304779561618190975e+00 1.917340551574747920e+00 1.846859938864611639e+00 1.932057164635730295e+00 -3.192803830365852358e-01 -4.578407158513600472e-01 -1.198951272140565405e-01 -3.880200440122317795e-01 2.037609397857007707e+03 2.000000000000000000e+00
8.590329644650850083e-02 2.302133764226384827e+00 1.910539651118325466e+00 1.830776858294512976e+00 1.936146561362247054e+00 -3.181617464044880772e-01 -4.559133638113613829e-01 -1.143518450553982907e-01 -3.893663468974704056e-01 2.037609424310141549e+03 2.000000000000000000e+00
8.552969553333805708e-02 2.304587697679342462e+00 1.915367185386166904e+00 1.834823000435273466e+00 1.925774500553443680e+00 -3.191992914929456804e-01 -4.572790082559106128e-01 -1.157361097896525276e-01 -3.859668180933430448e-01 2.037609429585094858e+03 2.000000000000000000e+00
3.614087752410919951e-01 3.149389537966744146e-01 1.889731220515004750e+00 1.821890972734657943e+00 1.926879991566380568e+00 9.763454465189802534e+00 -4.501982047776904583e-01 -1.113372543325202857e-01 -3.863267515398224883e-01 2.094909326545473959e+03 2.000000000000000000e+00
8.591766097237708844e-02 2.313162536157040261e+00 1.915441886751638956e+00 1.832831258822605225e+00 1.920518122093485935e+00 -3.228342128138663725e-01 -4.572996106165869157e-01 -1.150537702988872757e-01 -3.842632208965349183e-01 2.037609376897633865e+03 2.000000000000000000e+00
8.590820543589743064e-02 2.323496089873756887e+00 1.921534394435608251e+00 1.835362754997367007e+00 1.965235923281857477e+00 -3.272355923484690510e-01 -4.590421500241262942e-01 -1.159211722762044927e-01 -3.991602860044052847e-01 2.037609444333444117e+03 2.000000000000000000e+00
8.602389795607175149e-02 2.307059206405781104e+00 1.911198267464485845e+00 1.833409009282968016e+00 1.926356926018106153e+00 -3.202452425705109573e-01 -4.560988333022942820e-01 -1.152514962494448347e-01 -3.861561859078695980e-01 2.037609408345952033e+03 2.000000000000000000e+00
8.557868858830412762e-02 2.319577739029319297e+00 1.903611945768241887e+00 1.843271985535713808e+00 1.947395685233494378e+00 -3.255641390332059681e-01 -4.539793556649248107e-01 -1.186489983129570547e-01 -3.931096947958406806e-01 2.037609284920771870e+03 2.000000000000000000e+00
8.596210851521755847e-02 2.310973666591452869e+00 1.937339713077890435e+00 1.828120243383588805e+00 1.948011257945347907e+00 -3.219048523074574120e-01 -4.636600761529948156e-01 -1.134469335938966678e-01 -3.933160964529285875e-01 2.037609345687963923e+03 2.000000000000000000e+00
8.594370033036370649e-02 2.328610877665978851e+00 1.926921357093733578e+00 1.821354875286045782e+00 1.926678160056131794e+00 -3.294223365331663822e-01 -4.606005881552553971e-01 -1.111564021820370673e-01 -3.862609535378824233e-01 2.037609291461189514e+03 2.000000000000000000e+00
8.597370338216973884e-02 2.331027271220055042e+00 1.926640946987670189e+00 1.828428461603426314e+00 1.961101928217949819e+00 -3.304572613402451120e-01 -4.605190754560474220e-01 -1.135517481748410523e-01 -3.977461286357663051e-01 2.037609382516430287e+03 2.000000000000000000e+00
8.556266008567865733e-02 2.345390655795397183e+00 1.929419570370328962e+00 1.829482114808676174e+00 1.949620254954735454e+00 -3.366328726166604723e-01 -4.613295271356024907e-01 -1.139104904403320379e-01 -3.938562356948465681e-01 2.037609462914764663e+03 2.000000000000000000e+00
8.558309078600347120e-02 2.332127299474957560e+00 1.921454880302833290e+00 1.820812446428621945e+00 1.927594076272393320e+00 -3.309289211434007782e-01 -4.590198506051173521e-01 -1.109736617813576048e-01 -3.865611116174411666e-01 2.037609299224208371e+03 2.000000000000000000e+00
8.558070207669832286e-02 2.299629270219882393e+00 1.924298644622203902e+00 1.836910929866873543e+00 1.950462532111968406e+00 -3.171046230628724039e-01 -4.598403369076331515e-01 -1.164531137729636484e-01 -3.941401482593894778e-01 2.037609473018799918e+03 2.000000000000000000e+00
8.594806770380512828e-02 2.299900536914628812e+00 1.915612519141863812e+00 1.836083813757350525e+00 1.949884933675742893e+00 -3.172189038838457154e-01 -4.573481736766130124e-01 -1.161687832536180548e-01 -3.939456183532555889e-01 2.037609479428356963e+03 2.000000000000000000e+00
8.556333133941118607e-02 2.312995553810000438e+00 1.924242281751501915e+00 1.835184339779853735e+00 1.962437236202434487e+00 -3.227634282614985084e-01 -4.598240172960446626e-01 -1.158600742315175763e-01 -3.982022722070214793e-01 2.037609417992601266e+03 2.000000000000000000e+00
8.556015838345164271e-02 2.306776069939092455e+00 1.937924753970843517e+00 1.838573776292846906e+00 1.939467883311048135e+00 -3.201254858781143464e-01 -4.638338971535338473e-01 -1.170255130063160981e-01 -3.904657373924002584e-01 2.037609383545855508e+03 2.000000000000000000e+00
8.596028041219429261e-02 2.346368988962601154e+00 1.926684083102781386e+00 1.829360398652742026e+00 1.931277602551910944e+00 -3.370548635199433485e-01 -4.605315496312977208e-01 -1.138689520771125202e-01 -3.877640986672162837e-01 2.037609474951989569e+03 2.000000000000000000e+00
8.595982225584168634e-02 2.337430525552771421e+00 1.933446783847873274e+00 1.825206166317161482e+00 1.949798599271657107e+00 -3.332212832917486600e-01 -4.623460734840702524e-01 -1.124876650024679570e-01 -3.939211291442377139e-01 2.037609352419408879e+03 2.000000000000000000e+00
8.594281677716010537e-02 2.316477013040680877e+00 1.917581470957308021e+00 1.841866451092144530e+00 1.920280405263965262e+00 -3.242435593291179141e-01 -4.579093414765068593e-01 -1.181623066963792129e-01 -3.841865076543533042e-01 2.037609348357466615e+03 2.000000000000000000e+00
8.593860335550276841e-02 2.343227797508284915e+00 1.912556651012292219e+00 1.825946300083855167e+00 1.934769750572300051e+00 -3.357002460507400587e-01 -4.564819676012435989e-01 -1.127086899266452752e-01 -3.889122249090961048e-01 2.037609406641768373e+03 2.000000000000000000e+00
8.558859295419322943e-02 2.327235153508109722e+00 1.928044082423570948e+00 1.824042584897652253e+00 1.923587416351551393e+00 -3.288337965540586993e-01 -4.609280872267624840e-01 -1.120640122973051017e-01 -3.852563662534382316e-01 2.037609316035055599e+03 2.000000000000000000e+00
8.597843109548017337e-02 2.347037670391826758e+00 1.915776730672281269e+00 1.836159630284710298e+00 1.951316103469638241e+00 -3.373434034445588203e-01 -4.573949963980232791e-01 -1.161948131043807758e-01 -3.944275510824729603e-01 2.037609500056713387e+03 2.000000000000000000e+00
8.557929404723674249e-02 2.339256691744607597e+00 1.905802063103906763e+00 1.832873438401733335e+00 1.948283892537538309e+00 -3.339906794005347845e-01 -4.545877989787032725e-01 -1.150682895564439367e-01 -3.934077191809662311e-01 2.037609382127683830e+03 2.000000000000000000e+00
8.557160610258016109e-02 2.304633279162523252e+00 1.911445236868458464e+00 1.845207389095697037e+00 1.943350828840266331e+00 -3.192185838488834637e-01 -4.561688617192297679e-01 -1.193204922526856365e-01 -3.917573680530558877e-01 2.037609382358155244e+03 2.000000000000000000e+00
8.557885023754889520e-02 2.307717691666255178e+00 1.913474205793878946e+00 1.849008805567812219e+00 1.943233115290641022e+00 -3.205242902487553391e-01 -4.567418838004699277e-01 -1.206439802189342436e-01 -3.917180879207726729e-01 2.037609340834998648e+03 2.000000000000000000e+00
8.555212682991626683e-02 2.319816062112415089e+00 1.942066372872213398e+00 1.832293482068520163e+00 1.945775178772992664e+00 -3.256657829503910029e-01 -4.650678620094721438e-01 -1.148699085436119538e-01 -3.925670658218280429e-01 2.037609314441406468e+03 2.000000000000000000e+00
