-1.989783909564872000e-01 1.123748849076643852e+00 1.163213346036581664e+00 1.105700339452171388e+00 1.054322325816019035e+00 -7.160409667997434668e-03 -2.104877286997859920e-01 1.488675551508248929e-01 -1.110011004937662693e-01 1.978421593609512001e+03 2.000000000000000000e+00
-1.986680222510281979e-01 1.123701893424035703e+00 1.163183343627292254e+00 1.105795532520631230e+00 1.054097794033467705e+00 -7.525619309775324201e-03 -2.106609402288849853e-01 1.496938439222452177e-01 -1.125068804544081674e-01 1.978421610682125220e+03 2.000000000000000000e+00
-1.986794329395917824e-01 1.123781863107544909e+00 1.163106700851280317e+00 1.105795641129337925e+00 1.054486311811864363e+00 -6.862702361680080021e-03 -2.113486487623888466e-01 1.496858652759017749e-01 -1.098748883743897869e-01 1.978421604843848854e+03 2.000000000000000000e+00
-1.985594829527518035e-01 1.123587760966689331e+00 1.163128899088585300e+00 1.105819776237341623e+00 1.054388546162070783e+00 -8.477526951492106444e-03 -2.111118495917726767e-01 1.499048534622084150e-01 -1.105296779358362347e-01 1.978421619910542177e+03 2.000000000000000000e+00
-1.989445630295275103e-01 1.123614958586639734e+00 1.163207709717685168e+00 1.105821286963841077e+00 1.054336371350677481e+00 -8.268832396483936226e-03 -2.104949576094789776e-01 1.498973981148608026e-01 -1.108974887419079819e-01 1.978421590328515549e+03 2.000000000000000000e+00
-1.986559595278131751e-01 1.123777884208167155e+00 1.163048225314100792e+00 1.105824281344010451e+00 1.054221110351017288e+00 -6.885831812379806897e-03 -2.118246506285159647e-01 1.499369248086091511e-01 -1.116711963252821627e-01 1.978421608819019866e+03 2.000000000000000000e+00
-1.990531063320354621e-01 1.123782300665834288e+00 1.163149457382777641e+00 1.105761641417022823e+00 1.054133332073572404e+00 -6.877106101339798550e-03 -2.110350174765824038e-01 1.493822291132298752e-01 -1.122828125360036955e-01 1.978421615359327916e+03 2.000000000000000000e+00
2.785509319148319896e-01 1.123746260116016860e+00 -3.203431007253009000e+00 1.105820770783616291e+00 1.054320400891816112e+00 -7.162003309413052590e-03 4.644772891533945014e+00 1.498980122586825170e-01 -1.110027842369817747e-01 2.077674202749714368e+03 2.000000000000000000e+00
-1.989394307472786283e-01 1.123613750941451439e+00 1.163109389726031395e+00 1.105834248621951010e+00 1.054393320387624788e+00 -8.277396816781785668e-03 -2.113363358475839615e-01 1.500084910219401935e-01 -1.105094871957738034e-01 1.978421606171444182e+03 2.000000000000000000e+00
2.314475549228064422e-01 1.123763376465634733e+00 1.163219556223563433e+00 1.105817310734116710e+00 -2.771755358889864240e+00 -7.020538475218913478e-03 -2.103769564071475140e-01 1.498692680530023802e-01 5.125348110812337765e+00 2.067865357841269542e+03 2.000000000000000000e+00
-1.986377563053431661e-01 1.123677702646285859e+00 1.163278277891238721e+00 1.105826156617533806e+00 1.054150554331891421e+00 -7.727902176863974890e-03 -2.098390757428121589e-01 1.499535919799832862e-01 -1.121489902929717203e-01 1.978421606307444335e+03 2.000000000000000000e+00
-1.986370528067692987e-01 1.123825110679096628e+00 1.163277522298773903e+00 1.105811258531137486e+00 1.054462791525242915e+00 -6.485558697016462551e-03 -2.098445225870669562e-01 1.498280107545975903e-01 -1.100272448577602896e-01 1.978421602833091356e+03 2.000000000000000000e+00
-1.986870258201418604e-01 1.123681411899527971e+00 1.163238638602659636e+00 1.105824284425579895e+00 1.054140208694001046e+00 -7.698969444424831957e-03 -2.101885392955239185e-01 1.499352224856948246e-01 -1.122205374674233314e-01 1.978421599775254663e+03 2.000000000000000000e+00
-1.986836177303510365e-01 1.123773482980987337e+00 1.163044500908500423e+00 1.105819892236154844e+00 1.054277913898121755e+00 -6.919087552231436775e-03 -2.118585011259839501e-01 1.498978839493634863e-01 -1.112921143768037663e-01 1.978421602350271087e+03 2.000000000000000000e+00
-1.990370312901623140e-01 1.123601291358584442e+00 1.163213149598145035e+00 1.105881081968924207e+00 1.054329672632591253e+00 -8.398413228079939022e-03 -2.104833468403499996e-01 1.503920326383406669e-01 -1.109497150769135909e-01 1.978421607383362016e+03 2.000000000000000000e+00
-1.990753604704652846e-01 1.123679813520493953e+00 1.163079057906156732e+00 1.105834711510850221e+00 1.054192626452059134e+00 -7.737763614837935705e-03 -2.116344381239147476e-01 1.500015694210359296e-01 -1.118795073537381390e-01 1.978421618924195172e+03 2.000000000000000000e+00
-1.986787569045311563e-01 1.123780871360869904e+00 1.163027085697471374e+00 1.105826854172374141e+00 1.054281932136426958e+00 -6.861137333448691193e-03 -2.120058784064731416e-01 1.499582433316493379e-01 -1.112587437984186994e-01 1.978421609926423343e+03 2.000000000000000000e+00
-1.986963173465446930e-01 1.123798868196780099e+00 1.163185481475202510e+00 1.105814806928870908e+00 1.054501989425319586e+00 -6.710645524498309693e-03 -2.106467419292104570e-01 1.498552284056098305e-01 -1.097628306603935094e-01 1.978421597637593777e+03 2.000000000000000000e+00
-1.985694427692139552e-01 1.123580745775650369e+00 1.163196653630497401e+00 1.105822576527795587e+00 1.054327939813962445e+00 -8.543014000881969661e-03 -2.105416879064394009e-01 1.499235484933353069e-01 -1.109452882398159895e-01 1.978421612081840067e+03 2.000000000000000000e+00
-1.986542576088864975e-01 1.123830005621564432e+00 1.163201464357656256e+00 1.105817510873748022e+00 1.054117670932211315e+00 -6.436874870762672451e-03 -2.104978227202964070e-01 1.498837196601122967e-01 -1.123924138723711719e-01 1.978421611734304861e+03 2.000000000000000000e+00
-1.986838347683065609e-01 1.123718355255081569e+00 1.163215173057779328e+00 1.105816800064159278e+00 1.054127484576182772e+00 -7.386860391630785394e-03 -2.103863145080727415e-01 1.498737236320663857e-01 -1.123055950221385074e-01 1.978421597931790302e+03 2.000000000000000000e+00
-1.986879890212283617e-01 1.123699543621696106e+00 1.163244434295591212e+00 1.105819491796716347e+00 1.054120934112750874e+00 -7.546516001189384169e-03 -2.101378414748056866e-01 1.498950050828926073e-01 -1.123510293495440515e-01 1.978421603205374140e+03 2.000000000000000000e+00
-1.990507327220273071e-01 1.123700552297705046e+00 1.163283718686871859e+00 1.105856882310098710e+00 1.054525328830909547e+00 -7.564720694662703700e-03 -2.098748050909594876e-01 1.501871948273531543e-01 -1.096180419548263563e-01 1.978421618576553783e+03 2.000000000000000000e+00
-1.989105875981431459e-01 1.123672464390035541e+00 1.163170490266460577e+00 1.105818603823625956e+00 1.054297823182589244e+00 -7.798076053640381339e-03 -2.108008597603683310e-01 1.498817884774754361e-01 -1.111560721279276076e-01 1.978421576183395246e+03 2.000000000000000000e+00
-1.986733763723876056e-01 1.123784764558488858e+00 1.163041929251475981e+00 1.105826534798990401e+00 1.054290353076975828e+00 -6.828924583820400983e-03 -2.118796862791059166e-01 1.499550420758725411e-01 -1.112020431701445239e-01 1.978421604179452970e+03 2.000000000000000000e+00
-1.985883546821725076e-01 1.123678374872104202e+00 1.163324865017984600e+00 1.105848911837200799e+00 1.054401754946184377e+00 -7.723533393043426239e-03 -2.094363478183768890e-01 1.501459640811997065e-01 -1.104434201686151362e-01 1.978421606727928975e+03 2.000000000000000000e+00
-1.990173425558895981e-01 1.123755652609787603e+00 1.163080033142531500e+00 1.105800379408296896e+00 1.054239525954620671e+00 -7.099768488713411110e-03 -2.116264500711270979e-01 1.497105762535627937e-01 -1.115616154280116151e-01 1.978421600523095549e+03 2.000000000000000000e+00
-1.986679876507313480e-01 1.123796585322499819e+00 1.163091013030644882e+00 1.105848701328054906e+00 1.054185779782562893e+00 -6.727955708213051444e-03 -2.114565222894408680e-01 1.501432628453245877e-01 -1.119096617752880773e-01 1.978421603507405962e+03 2.000000000000000000e+00
-1.989808003846053330e-01 1.123749375286258845e+00 1.163199062128560390e+00 1.105837833735105802e+00 1.054542555744504506e+00 -7.149609206153667400e-03 -2.105929891714303781e-01 1.500296188694882349e-01 -1.094983367694116055e-01 1.978421608179336090e+03 2.000000000000000000e+00
-1.989456915422671834e-01 1.123808043792978717e+00 1.163112794069566913e+00 1.105816293285942775e+00 1.054440555514559952e+00 -6.653630872257309571e-03 -2.113309300740862651e-01 1.498494095271836746e-01 -1.101922679475500627e-01 1.978421595550099028e+03 2.000000000000000000e+00
