1.456072331090485061e+00 1.151113923695328722e+00 1.149882642447315195e+00 2.460325737115625966e+00 1.230800790712583304e+00 -1.527564271420835285e+00 -1.553114750123875787e+00 -1.638076086406916598e+00 -1.612068717705769760e+00 2.233252018141590270e+03 2.000000000000000000e+00
1.456045026463934855e+00 1.150964360241162554e+00 1.147285481454070943e+00 2.460325579630427306e+00 1.231146177028379807e+00 -1.527241064736032383e+00 -1.554437025044922871e+00 -1.638078287333795569e+00 -1.612053537105050616e+00 2.233252028031331974e+03 2.000000000000000000e+00
1.456107487365748021e+00 1.144491764308823933e+00 1.150265684588537951e+00 2.460326157061290875e+00 1.230800712832823107e+00 -1.525131519686514725e+00 -1.552458192398335601e+00 -1.638077111229572447e+00 -1.612068886459681716e+00 2.233252109241755079e+03 2.000000000000000000e+00
1.455733069973879967e+00 1.150614049738689415e+00 1.148162480951830489e+00 2.460231064604675222e+00 1.222596559525767734e+00 -1.522036286797267435e+00 -1.554000759781635876e+00 -1.638085869750632861e+00 -1.616337774726484877e+00 2.233252048374843071e+03 2.000000000000000000e+00
1.455715306983828450e+00 1.165521188830987098e+00 1.149043666426400767e+00 2.459508320797348269e+00 1.226366695739512069e+00 -1.509066884788050844e+00 -1.553613960142217643e+00 -1.638149223794675979e+00 -1.614684573199577811e+00 2.233252090033239256e+03 2.000000000000000000e+00
1.456013332423258699e+00 1.151216424891113643e+00 1.150019935913929592e+00 2.460322680894901914e+00 1.230826834727967833e+00 -1.526963263338459553e+00 -1.552687351564874696e+00 -1.638078892146287435e+00 -1.612053923141162581e+00 2.233251978253507787e+03 2.000000000000000000e+00
1.456189679519887425e+00 1.156166351029099371e+00 1.160795256084013571e+00 2.460326127909895799e+00 1.230798651273194766e+00 -1.517177491066403761e+00 -1.545166646745841810e+00 -1.638076610983030479e+00 -1.612070061560684664e+00 2.233252080035238578e+03 2.000000000000000000e+00
1.764983460380973979e+00 1.157055708120279691e+00 -3.781634166232091143e+00 6.616382790516261991e+00 1.230795114927251355e+00 -1.516502115065841760e+00 4.962197538741230929e+00 7.582513942664363071e+00 -1.612072145388009803e+00 2.295119860533884548e+03 2.000000000000000000e+00
1.456041450342323351e+00 1.167387404088073399e+00 1.150265707012966043e+00 2.460325771403511386e+00 1.230800617307175493e+00 -1.508388839838807893e+00 -1.552458193607890946e+00 -1.638076620359979918e+00 -1.612068831478226105e+00 2.233252109478450620e+03 2.000000000000000000e+00
1.455662846557785439e+00 1.155488389908846392e+00 1.139187626933592323e+00 2.460409052884729775e+00 1.230678705082468127e+00 -1.517686136528521246e+00 -1.558901871746614320e+00 -1.638071486407081778e+00 -1.612138950436380336e+00 2.233252076773007502e+03 2.000000000000000000e+00
1.456120603104638311e+00 1.151102065672325647e+00 1.159508210698519726e+00 2.460878621741602323e+00 1.231516715349492364e+00 -1.520522947683667248e+00 -1.545846284128229886e+00 -1.638029788067616455e+00 -1.611495501482287596e+00 2.233252073079583170e+03 2.000000000000000000e+00
1.456147149491171300e+00 1.149035168966429987e+00 1.156745013076856399e+00 2.460222790828110906e+00 1.232053786258446193e+00 -1.521525779374578891e+00 -1.550694960635653930e+00 -1.638086254910121609e+00 -1.615557197985240778e+00 2.233252014104056343e+03 2.000000000000000000e+00
1.456128397696445864e+00 1.153639561343098086e+00 1.148548063311940259e+00 2.458678408431557383e+00 1.239176006882872327e+00 -1.518176890559827186e+00 -1.554688047215848412e+00 -1.638217468524408416e+00 -1.606705520498715734e+00 2.233252007156846958e+03 2.000000000000000000e+00
1.455689476273154037e+00 1.162385293587342883e+00 1.145607642060186171e+00 2.459961708552981463e+00 1.223177924472487410e+00 -1.513200881735556891e+00 -1.555254134610678074e+00 -1.638109473729591592e+00 -1.614688172556402401e+00 2.233252053011916814e+03 2.000000000000000000e+00
1.455653988098098539e+00 1.150891064492314264e+00 1.141459249096091755e+00 2.460454406265313754e+00 1.232819651866866151e+00 -1.520342153634252513e+00 -1.559358587656419548e+00 -1.638067617854991997e+00 -1.611488511878082175e+00 2.233252078811482988e+03 2.000000000000000000e+00
1.456121952749116488e+00 1.156696279358218504e+00 1.158457799740896688e+00 2.460505956315441889e+00 1.224442267948395058e+00 -1.516181497664465194e+00 -1.547458205078686477e+00 -1.638061753898594430e+00 -1.615484468494802206e+00 2.233252049738241112e+03 2.000000000000000000e+00
1.455651108047611109e+00 1.157401818209940370e+00 1.150858349226398403e+00 2.459634199813608646e+00 1.229097134948207160e+00 -1.510743179184283802e+00 -1.546792701977969253e+00 -1.638199330398528275e+00 -1.613868447628950209e+00 2.233251947783831838e+03 2.000000000000000000e+00
1.456110679197802238e+00 1.145115971497110641e+00 1.151023747311652468e+00 2.460729879562169486e+00 1.227282714706419808e+00 -1.524248332799446937e+00 -1.551030737161979367e+00 -1.638042614337252401e+00 -1.614357640220641876e+00 2.233252108380763275e+03 2.000000000000000000e+00
1.456093068049199024e+00 1.166495754179869060e+00 1.149848226667997242e+00 2.459750133059038557e+00 1.233218932653797006e+00 -1.508387676978262704e+00 -1.551428626120233245e+00 -1.638125816966749637e+00 -1.610225340509569669e+00 2.233252105472087351e+03 2.000000000000000000e+00
1.455674295722036771e+00 1.157795709365406989e+00 1.160355577664358595e+00 2.460206979404333527e+00 1.231777936850852573e+00 -1.514416030721266848e+00 -1.545374930081013343e+00 -1.638089378817402020e+00 -1.611615923774030179e+00 2.233252072100918213e+03 2.000000000000000000e+00
1.455668785001308807e+00 1.157527450916116640e+00 1.160012190206245908e+00 2.462203265288156029e+00 1.227374790371164259e+00 -1.517869130243727271e+00 -1.548660313406929889e+00 -1.637918747561735389e+00 -1.611625057733287569e+00 2.233252018028855673e+03 2.000000000000000000e+00
1.455676605815957370e+00 1.145639338608380076e+00 1.153864467066043842e+00 2.460046808300291765e+00 1.231100303602290946e+00 -1.525008818958489831e+00 -1.549215589995537989e+00 -1.638102430047981395e+00 -1.612094020278894257e+00 2.233252108109937581e+03 2.000000000000000000e+00
1.456142241122004632e+00 1.147481273417230163e+00 1.145390208815283195e+00 2.462472931657856634e+00 1.228849779349781901e+00 -1.525071005567030458e+00 -1.554489766717970456e+00 -1.637892738399892467e+00 -1.613257443454285234e+00 2.233252084607419874e+03 2.000000000000000000e+00
1.455660314805286459e+00 1.145584048717176007e+00 1.148593991078339149e+00 2.460840703157595843e+00 1.226520119195820824e+00 -1.523604751661681966e+00 -1.554009648384410358e+00 -1.638034530960937873e+00 -1.614709503407089519e+00 2.233252098191429923e+03 2.000000000000000000e+00
1.456131988555802170e+00 1.154757372810453209e+00 1.145432390148975355e+00 2.461836567355455418e+00 1.222301832812777933e+00 -1.518059629814231482e+00 -1.555475137741710201e+00 -1.637947050660847115e+00 -1.615688248386086157e+00 2.233252015984311129e+03 2.000000000000000000e+00
1.456141154863121345e+00 1.154699077866661261e+00 1.159644301814839684e+00 2.461694164742019186e+00 1.227905701882738176e+00 -1.518926765085922836e+00 -1.546348999227258769e+00 -1.637959235972580974e+00 -1.615498707347784446e+00 2.233252062321043923e+03 2.000000000000000000e+00
1.455653112886101441e+00 1.153192535986152123e+00 1.142624490075723420e+00 2.461450195537453478e+00 1.236080758448696804e+00 -1.522217972972560895e+00 -1.556532163598736584e+00 -1.637982335438544546e+00 -1.609608456515083885e+00 2.233252046933745078e+03 2.000000000000000000e+00
1.456117807064839509e+00 1.147074461429029135e+00 1.148804088178696725e+00 2.459904239667837889e+00 1.236760598248366705e+00 -1.523193280214693024e+00 -1.553652256468593729e+00 -1.638112590678323377e+00 -1.608467307732932783e+00 2.233252080966621179e+03 2.000000000000000000e+00
1.456118071512012557e+00 1.164642638752124038e+00 1.156043607383698379e+00 2.460575633936974871e+00 1.233865189831852449e+00 -1.510109847231956293e+00 -1.549078869127037850e+00 -1.638055713567555527e+00 -1.609859774554456724e+00 2.233252089136189625e+03 2.000000000000000000e+00
1.456139962413815381e+00 1.146299559848233507e+00 1.154136364555789385e+00 2.460262368358326235e+00 1.231337103179275472e+00 -1.525769128575050759e+00 -1.552069354537044754e+00 -1.638082506309588737e+00 -1.610877042466998033e+00 2.233252100312852690e+03 2.000000000000000000e+00
