-3.718272765454934126e-01 1.357334329754083857e+00 1.478802953422836408e+00 1.300034749627689390e+00 1.329928497027777379e+00 1.942454062712363793e+03 2.000000000000000000e+00
-3.716750046162289323e-01 1.357348407630116993e+00 1.478798846803389466e+00 1.300121417642962074e+00 1.329996250128750113e+00 1.942454063901408517e+03 2.000000000000000000e+00
-3.717867302919662942e-01 1.357409986267146040e+00 1.478828432682348426e+00 1.299899364146750003e+00 1.330066680134773804e+00 1.942454063858935797e+03 2.000000000000000000e+00
-3.716306356395100430e-01 1.357338104147916669e+00 1.478793709826041303e+00 1.300027294872880823e+00 1.329965160376995303e+00 1.942454065505351991e+03 2.000000000000000000e+00
-3.717218851761228682e-01 1.357325977109870241e+00 1.478798168423910431e+00 1.300134752259244797e+00 1.329918401353351820e+00 1.942454062846844863e+03 2.000000000000000000e+00
-3.716471343866037391e-01 1.357339838096957241e+00 1.478799543820453755e+00 1.299749337262315896e+00 1.329916231455622544e+00 1.942454069315021570e+03 2.000000000000000000e+00
-3.717157706813608020e-01 1.357336657310751704e+00 1.478807410908241193e+00 1.300092789586268172e+00 1.329957460100562594e+00 1.942454062454574114e+03 2.000000000000000000e+00
-3.716898995995435162e-01 1.357345641618900922e+00 1.478820612452158123e+00 1.300033599133184392e+00 1.329970377620182553e+00 1.942454062943389090e+03 2.000000000000000000e+00
-3.717021641302405977e-01 1.357306663908481648e+00 1.478802669431096062e+00 1.299955466506332646e+00 1.329919474118403722e+00 1.942454063135146043e+03 2.000000000000000000e+00
-3.717505220107825137e-01 1.357339435173834152e+00 1.478814325637848537e+00 1.299969077901820036e+00 1.329962704564761289e+00 1.942454062078053539e+03 2.000000000000000000e+00
-3.716503362439944058e-01 1.357236239886871809e+00 1.478711483503181601e+00 1.299936931685198305e+00 1.329935222532011130e+00 1.942454066353554026e+03 2.000000000000000000e+00
-3.717110408501041463e-01 1.357334722192887089e+00 1.478817346177613068e+00 1.299928151914352625e+00 1.329945893292209469e+00 1.942454063044712029e+03 2.000000000000000000e+00
-3.718784615289603135e-01 1.357377988081829967e+00 1.478745981891528505e+00 1.300047083707523532e+00 1.329996692283395676e+00 1.942454064945189430e+03 2.000000000000000000e+00
-3.717358566136113596e-01 1.357302811632768336e+00 1.478771952012817525e+00 1.299992990472328858e+00 1.329979144371119970e+00 1.942454062236256505e+03 2.000000000000000000e+00
-3.719098928499700030e-01 1.357424878794231349e+00 1.478735567288310015e+00 1.300057370378966182e+00 1.329958681002182175e+00 1.942454067074563227e+03 2.000000000000000000e+00
-3.717677511122278178e-01 1.357309646961815774e+00 1.478821703261087750e+00 1.299971920677590376e+00 1.329926479944814499e+00 1.942454062174399041e+03 2.000000000000000000e+00
-3.717718018706250849e-01 1.357354570802698390e+00 1.478841915073715763e+00 1.299947931462016371e+00 1.329976459278733758e+00 1.942454062326762141e+03 2.000000000000000000e+00
-3.718243315037464969e-01 1.357348175817483682e+00 1.478847078308719976e+00 1.300147759888253374e+00 1.329985844079042190e+00 1.942454063361352155e+03 2.000000000000000000e+00
-3.718539301790023122e-01 1.357262067551687768e+00 1.478808391856570204e+00 1.300166855625849438e+00 1.330150944849717076e+00 1.942454066768661960e+03 2.000000000000000000e+00
-3.716805848397753964e-01 1.357225714961643348e+00 1.478792050836651883e+00 1.299747999305107315e+00 1.329958973827867874e+00 1.942454068605708699e+03 2.000000000000000000e+00
-3.718688306172851510e-01 1.357362803977595345e+00 1.478867523592864552e+00 1.299986652858593716e+00 1.330010335914446618e+00 1.942454064593952353e+03 2.000000000000000000e+00
-3.718049034576063616e-01 1.357342350751302051e+00 1.478821587537760607e+00 1.300123898130939759e+00 1.329683292686664853e+00 1.942454067280981008e+03 2.000000000000000000e+00
-3.718032945861790006e-01 1.357362563856878701e+00 1.478809057123582127e+00 1.300176442135732691e+00 1.329916997178677063e+00 1.942454063377706234e+03 2.000000000000000000e+00
-3.717880261363946670e-01 1.357350492790475149e+00 1.478816561120937623e+00 1.299836938108851925e+00 1.329969899141511203e+00 1.942454064112108881e+03 2.000000000000000000e+00
-3.716745523097861881e-01 1.357175464907590001e+00 1.478826104925845097e+00 1.300047836240557197e+00 1.329860892739494149e+00 1.942454065746756896e+03 2.000000000000000000e+00
-3.716672467727206719e-01 1.357346482033029433e+00 1.478856251428258828e+00 1.300024679180657339e+00 1.329967265067147464e+00 1.942454063895731906e+03 2.000000000000000000e+00
-3.718015273743781046e-01 1.357319226212583052e+00 1.478758287290828921e+00 1.300286055416731701e+00 1.329965546771649576e+00 1.942454065726435147e+03 2.000000000000000000e+00
-3.718024673021636528e-01 1.357416755396035457e+00 1.478830844503847164e+00 1.300143860834118259e+00 1.329916731406463937e+00 1.942454063292398814e+03 2.000000000000000000e+00
-3.717952862072005926e-01 1.357317571575610504e+00 1.478794083611046695e+00 1.300031195437856724e+00 1.329962816501484735e+00 1.942454062037777931e+03 2.000000000000000000e+00
-3.717714851419579580e-01 1.357342284477979444e+00 1.478831000023019815e+00 1.299994530956438687e+00 1.329967420220833807e+00 1.942454061930649459e+03 2.000000000000000000e+00
