1.733957851991144272e+00 2.316990867169626267e-01 3.213820766356284553e-01 9.791202600899159281e-01 4.779253330615067519e-01 2.288836880826506786e+03 2.000000000000000000e+00
1.733980090099366045e+00 2.532382899725214576e-01 3.248542507520332800e-01 9.799285588823759552e-01 4.935309413330178918e-01 2.288837056849382861e+03 2.000000000000000000e+00
1.733635212694529804e+00 2.627446238997804828e-01 3.528448808734958031e-01 9.619782759855289855e-01 5.039586272858516125e-01 2.288836315546351216e+03 2.000000000000000000e+00
1.733673777451857800e+00 2.700339386935375896e-01 4.218970448079820690e-01 9.798640860698297761e-01 4.027878273758156991e-01 2.288836811231931279e+03 2.000000000000000000e+00
1.733594153498519752e+00 2.903469774705870199e-01 4.499249560885575372e-01 9.694282624560222050e-01 5.056146197235429351e-01 2.288836518097747103e+03 2.000000000000000000e+00
2.307842711919561030e+00 -2.930022534155015193e-02 4.232169766276188683e-01 1.308804897319956417e+01 4.048886515710135026e-01 2.403666014060526322e+03 2.000000000000000000e+00
2.313225981183871127e+00 2.179736998641150780e-01 1.488176745259668643e-01 9.796331734752979914e-01 1.348318181122276727e+01 2.404742872195774908e+03 2.000000000000000000e+00
1.733692096786232151e+00 2.265736269527828528e-01 3.210526288657541971e-01 9.795998116750100904e-01 4.749502911983862208e-01 2.288836885485152379e+03 2.000000000000000000e+00
1.734074912527834744e+00 1.229442131558707990e-01 4.085800113160019675e-01 9.796061946182930136e-01 4.758282005446210494e-01 2.288837326903842495e+03 2.000000000000000000e+00
1.733979409022215146e+00 2.922095131625855879e-01 4.611617410928076644e-01 9.798465544461903987e-01 5.030480997990574021e-01 2.288836838179006918e+03 2.000000000000000000e+00
1.733611994174758086e+00 1.923975083496874960e-01 3.599624525415788812e-01 9.764623450653848735e-01 5.277359008335533730e-01 2.288836513078339522e+03 2.000000000000000000e+00
1.733978116995661845e+00 2.993592150524932438e-01 3.638900441590375845e-01 9.730963801428093030e-01 4.655800995993116254e-01 2.288836724068033163e+03 2.000000000000000000e+00
1.734026352241256896e+00 3.007129492126118797e-01 4.314562134589193243e-01 9.814217353616192518e-01 5.116548918928299772e-01 2.288836673061451620e+03 2.000000000000000000e+00
1.734023332333256784e+00 2.438345054760353570e-01 4.726280836074316927e-01 9.823913090601117393e-01 5.175127476930849735e-01 2.288836400613925434e+03 2.000000000000000000e+00
1.734059535254568685e+00 3.004629622402039679e-01 4.168638712981955208e-01 9.819447024830243453e-01 5.155813404818472279e-01 2.288836644298464307e+03 2.000000000000000000e+00
1.733613625808747782e+00 2.126099830366538768e-01 3.348144702848251941e-01 9.807409097079244908e-01 5.110158297147899820e-01 2.288836699008513733e+03 2.000000000000000000e+00
1.733580750757554245e+00 2.771776420774769156e-01 3.432953255444270990e-01 9.903437911720006648e-01 4.795897423432062823e-01 2.288836662282727048e+03 2.000000000000000000e+00
1.734038034059122380e+00 2.160514199030517946e-01 3.588145351114371273e-01 9.790134948039774798e-01 5.319673459544721483e-01 2.288836423189406560e+03 2.000000000000000000e+00
1.734047708678549515e+00 3.034135120955535614e-01 4.522554057564233121e-01 9.805124129355362594e-01 4.716965297157417192e-01 2.288836744666231880e+03 2.000000000000000000e+00
1.733600817512026548e+00 2.117484789125025912e-01 3.390161289073894135e-01 9.874615393874807134e-01 5.130533471192106898e-01 2.288836606008441777e+03 2.000000000000000000e+00
1.734035767831454189e+00 2.935465652595649066e-01 4.095711493972745143e-01 9.830925920422874942e-01 5.224298308790720213e-01 2.288836553893291239e+03 2.000000000000000000e+00
1.734004841012444897e+00 1.492191043456957966e-01 3.721947732716861523e-01 9.929360300826045593e-01 4.957015786794705670e-01 2.288836743492377536e+03 2.000000000000000000e+00
1.734024065247655955e+00 2.239249765264954839e-01 4.018017082411207697e-01 1.006689878665052218e+00 5.178080513568730225e-01 2.288835480369793913e+03 2.000000000000000000e+00
1.734019238136507601e+00 2.112792519650186773e-01 4.069851777549202132e-01 9.810587186722807829e-01 3.960119813034060354e-01 2.288836576724220322e+03 2.000000000000000000e+00
1.733620162319295055e+00 2.544126880178384509e-01 3.261692586849395115e-01 9.760023559758536082e-01 4.788607051727212238e-01 2.288836871216944928e+03 2.000000000000000000e+00
1.733607179538477316e+00 2.367513901037962831e-01 3.255588307790821534e-01 9.816538098495136699e-01 4.538207204289997909e-01 2.288836840953993942e+03 2.000000000000000000e+00
1.733940405482863323e+00 2.173166010863591679e-01 3.229831054511910771e-01 9.753412325797932159e-01 4.829942952204512308e-01 2.288836829799219686e+03 2.000000000000000000e+00
1.733644860790903630e+00 1.681778242954094782e-01 4.239452694310017478e-01 9.823838429079827517e-01 5.318548327095070638e-01 2.288836536066506596e+03 2.000000000000000000e+00
1.733599682281358856e+00 2.952217394309113452e-01 4.474611671772469879e-01 9.804802170205885181e-01 5.087915824261494135e-01 2.288836668258174541e+03 2.000000000000000000e+00
1.733992665685687662e+00 2.400528349506373949e-01 3.313018479967665963e-01 9.797233181304295657e-01 5.061022905989162046e-01 2.288836760443313779e+03 2.000000000000000000e+00
