-1.500482647548526116e-01 1.551493987641675343e+00 1.398632449584236159e+00 1.192016613072316211e+00 1.347179255980561763e+00 8.955278975268395891e-01 8.456363505080798371e-01 8.864903837085352789e-01 7.968563536710183692e-01 1.988595672009000282e+03 2.000000000000000000e+00
-1.496575029374088150e-01 1.552908998040407607e+00 1.399720579396099618e+00 1.183051365877875627e+00 1.345595168532575547e+00 8.954527207229114882e-01 8.456008936446859359e-01 8.871593955396488429e-01 7.969398733646854138e-01 1.988595692734275417e+03 2.000000000000000000e+00
-1.497634710846989514e-01 1.548077421477758842e+00 1.399877338030432350e+00 1.188688864411228785e+00 1.346211275866091128e+00 8.957053563202310720e-01 8.455960153889475750e-01 8.867394723070918250e-01 7.969074785518195370e-01 1.988595654671237298e+03 2.000000000000000000e+00
-1.496407929833234174e-01 1.547368406417896747e+00 1.399653230198261600e+00 1.187349196663509465e+00 1.347407168324223692e+00 8.957420461145254587e-01 8.456029539969903697e-01 8.868394726388140192e-01 7.968443708317547447e-01 1.988595682548900186e+03 2.000000000000000000e+00
-1.500959690425660020e-01 1.548960981846063678e+00 1.399510416373908051e+00 1.183775976682323927e+00 1.347360111132894556e+00 8.956603089641582693e-01 8.456088617146997333e-01 8.871048791428063351e-01 7.968467883356736836e-01 1.988595677927652105e+03 2.000000000000000000e+00
-1.501310092373593641e-01 1.549283367978692150e+00 1.399987592331825459e+00 1.190422227022391199e+00 1.345165480384077350e+00 8.956436292887515194e-01 8.455939759920130250e-01 8.866094521994336564e-01 7.969624189697662731e-01 1.988595679351381023e+03 2.000000000000000000e+00
-1.501277872385560208e-01 1.551933833191659895e+00 1.399411781452941206e+00 1.182638786195494784e+00 1.347656870516440897e+00 8.955050927071599443e-01 8.456120923917730403e-01 8.871894114053826552e-01 7.968311391518102527e-01 1.988595682206163474e+03 2.000000000000000000e+00
-1.497590272854373572e-01 1.549203065860228712e+00 1.399087689253641464e+00 1.191036894809340163e+00 1.348198183773806180e+00 8.956467670327812325e-01 8.456211636716947089e-01 8.865640323208120455e-01 7.968025848405940748e-01 1.988595667024402246e+03 2.000000000000000000e+00
-1.496629640090298141e-01 1.552519166829401831e+00 1.398841657973730612e+00 1.186806255062763382e+00 1.343335255912094350e+00 8.954731750018655179e-01 8.456286256057534700e-01 8.868798839398013278e-01 7.970586775642150013e-01 1.988595675079253624e+03 2.000000000000000000e+00
-1.497612137263928389e-01 1.555100661454779765e+00 1.399002362207420802e+00 1.184346450685302976e+00 1.346767977952464168e+00 8.953376545648830120e-01 8.456236248936689348e-01 8.870631251958470687e-01 7.968781148874826137e-01 1.988595673283622091e+03 2.000000000000000000e+00
-1.497874927934447764e-01 1.551673972810015512e+00 1.401098046827193411e+00 1.183211689252022136e+00 1.348469760827641251e+00 8.955176845646356520e-01 8.455577037391593942e-01 8.871473617180247739e-01 7.967882388103509905e-01 1.988595664808026413e+03 2.000000000000000000e+00
-1.497571639229033080e-01 1.555374078421143169e+00 1.399757095982764321e+00 1.189649825011110051e+00 1.347985616535627873e+00 8.953237085389192940e-01 8.456000830545957747e-01 8.866676586048155562e-01 7.968138140809121195e-01 1.988595652274957502e+03 2.000000000000000000e+00
-1.498042091278616594e-01 1.554708981908360821e+00 1.398037342359131685e+00 1.184869405077766613e+00 1.346398012984869608e+00 8.953587538639541377e-01 8.456545487815332329e-01 8.870239420270279451e-01 7.968976010267803112e-01 1.988595660298657322e+03 2.000000000000000000e+00
-1.498038084898919431e-01 1.549485927697150656e+00 1.399323068672309489e+00 1.183186656491737931e+00 1.348729731187207737e+00 8.956326115512452946e-01 8.456142575854384003e-01 8.871491338940340476e-01 7.967743951053457563e-01 1.988595690822702636e+03 2.000000000000000000e+00
-1.497661643206330828e-01 1.553506842519724263e+00 1.402105979067195696e+00 1.188167930351050394e+00 1.345096998590439297e+00 8.954216381655797363e-01 8.455257723347736620e-01 8.867782656995617518e-01 7.969661058859148772e-01 1.988595645469248666e+03 2.000000000000000000e+00
-1.500218269053665843e-01 1.551984966922511200e+00 1.400012296043640747e+00 1.183018322951335577e+00 1.345947057363434229e+00 8.955022490335260432e-01 8.455929133861331826e-01 8.871613391947300586e-01 7.969213211610548520e-01 1.988595670825824527e+03 2.000000000000000000e+00
-1.498131644945075447e-01 1.552442822958045809e+00 1.399977377328785799e+00 1.183481233892904827e+00 1.344745108142293422e+00 8.954773860562685872e-01 8.455930871456818210e-01 8.871274222090878014e-01 7.969847487781074324e-01 1.988595683168221967e+03 2.000000000000000000e+00
-1.497347191624868457e-01 1.552412438857998067e+00 1.402471042022923164e+00 1.186590064686957602e+00 1.350050988540450803e+00 8.954789871343348251e-01 8.455142944325246823e-01 8.868959064081499699e-01 7.967046215093861461e-01 1.988595650610335497e+03 2.000000000000000000e+00
-1.500215212268199705e-01 1.551146245578908900e+00 1.399591762874961010e+00 1.185122859353830993e+00 1.350956739600792655e+00 8.955461345828249486e-01 8.456061866548059136e-01 8.870047462288903617e-01 7.966565394076043916e-01 1.988595652535740555e+03 2.000000000000000000e+00
-1.500360652949143669e-01 1.550296447053975069e+00 1.400208228462737958e+00 1.191888181658857571e+00 1.346725332447420875e+00 8.955905984579121126e-01 8.455867875386613441e-01 8.864999377807478709e-01 7.968802809473332083e-01 1.988595676433689732e+03 2.000000000000000000e+00
-1.497808366167043548e-01 1.550571955443712513e+00 1.400051195213603217e+00 1.192140350746487165e+00 1.347016530161716963e+00 8.955752953194709987e-01 8.455907806719608066e-01 8.864815288530708548e-01 7.968649714037810972e-01 1.988595680141216690e+03 2.000000000000000000e+00
-1.497840917516528314e-01 1.552628769624672778e+00 1.401267129587566496e+00 1.184312018228884433e+00 1.345283092333653618e+00 8.954676869318243249e-01 8.455523959149143787e-01 8.870655156495952376e-01 7.969563139191079282e-01 1.988595653027661456e+03 2.000000000000000000e+00
-1.499926789646844338e-01 1.551039958083504589e+00 1.399923721189618053e+00 1.182366459523228386e+00 1.346773708978980189e+00 8.955512270015534293e-01 8.455951532275527427e-01 8.872101628888067193e-01 7.968778217693416321e-01 1.988595696119974718e+03 2.000000000000000000e+00
-1.500189497659013549e-01 1.554072625317639345e+00 1.398926416509006287e+00 1.187351225153787659e+00 1.344046204404391043e+00 8.953925797993587121e-01 8.456269629524126863e-01 8.868388173389125662e-01 7.970213897680494819e-01 1.988595656583192977e+03 2.000000000000000000e+00
-1.497717135489599616e-01 1.548147300071634591e+00 1.399284888528877113e+00 1.188666786468261405e+00 1.346253586145168768e+00 8.957017907238002952e-01 8.456149011221247846e-01 8.867410561514241785e-01 7.969052052428764465e-01 1.988595650790301534e+03 2.000000000000000000e+00
-1.497901620604676076e-01 1.551681942582503915e+00 1.398234339424119899e+00 1.183237742007431592e+00 1.348029292248706712e+00 8.955172794756826038e-01 8.456480461775428559e-01 8.871454058632139983e-01 7.968115053408382220e-01 1.988595660237058382e+03 2.000000000000000000e+00
-1.499999534203300122e-01 1.552139676931488577e+00 1.397821051864834407e+00 1.188722855897650588e+00 1.343824764606573963e+00 8.954936433997233713e-01 8.456615957778933490e-01 8.867366297024628086e-01 7.970332082457955991e-01 1.988595665700615882e+03 2.000000000000000000e+00
-1.500174270706469970e-01 1.551530550921621732e+00 1.400424387822950978e+00 1.190478349167122918e+00 1.344398497297323303e+00 8.955260097361986693e-01 8.455798980719169133e-01 8.866053634614398105e-01 7.970028153623686107e-01 1.988595661933216888e+03 2.000000000000000000e+00
-1.500153386309126258e-01 1.551763445188447221e+00 1.398639943304770705e+00 1.183477334038853357e+00 1.349319428536840615e+00 8.955138164077283136e-01 8.456361456102046148e-01 8.871272095384152845e-01 7.967432548858717212e-01 1.988595660782219966e+03 2.000000000000000000e+00
-1.499961413586591852e-01 1.547919121205161286e+00 1.398228014470507041e+00 1.186972694914064430e+00 1.348905437646762628e+00 8.957143143871363344e-01 8.456487645199820546e-01 8.868672103529510187e-01 7.967650975641823452e-01 1.988595670176780914e+03 2.000000000000000000e+00
