1.067122410858221127e-01 7.293040255229925606e-01 8.190166163268427502e-01 7.914888755650476559e-01 7.300068330546137796e-01 2.041997405420124096e+03 2.000000000000000000e+00
1.066367955523632033e-01 7.286081966222400785e-01 8.183207371574801048e-01 7.906527061180949056e-01 7.296049455426254493e-01 2.041997408400044606e+03 2.000000000000000000e+00
1.067191664220923791e-01 7.293003463112870399e-01 8.192967662392997008e-01 7.910823909539058674e-01 7.303403869847080454e-01 2.041997402124148721e+03 2.000000000000000000e+00
1.067180229690332660e-01 7.277930860595954732e-01 8.191408339554071549e-01 7.899175280387860099e-01 7.296381606986375168e-01 2.041997408228333825e+03 2.000000000000000000e+00
1.067330874530603296e-01 7.274274603058066280e-01 8.193215534573528025e-01 7.907795526811736142e-01 7.295907974756725700e-01 2.041997405760980200e+03 2.000000000000000000e+00
1.067332570981374545e-01 7.292356570767987156e-01 8.196584932995418793e-01 7.914880187560530134e-01 7.299583859301762567e-01 2.041997402177061076e+03 2.000000000000000000e+00
1.066963084565816372e-01 7.274072433086561373e-01 8.193314975421598367e-01 7.908095054177752825e-01 7.296239110206023115e-01 2.041997409027197591e+03 2.000000000000000000e+00
1.068861672524767104e-01 7.284673519920853435e-01 8.193961964663082354e-01 7.907166142170384271e-01 7.300394198169345428e-01 2.041997380112073188e+03 2.000000000000000000e+00
1.069866552830837092e-01 7.280228807957970227e-01 8.189348158180630444e-01 7.900040445386250498e-01 7.295420866752133637e-01 2.041997400365341036e+03 2.000000000000000000e+00
1.070944082132037345e-01 7.285597116749370494e-01 8.193235726083497594e-01 7.896626743907666501e-01 7.296339114816745575e-01 2.041997411514197438e+03 2.000000000000000000e+00
1.067386393700152092e-01 7.279194035306780775e-01 8.195272042636978505e-01 7.901579034355626918e-01 7.295698904112563055e-01 2.041997396525274780e+03 2.000000000000000000e+00
1.070180871284724528e-01 7.289674024095761373e-01 8.184832294366146677e-01 7.907209134365066339e-01 7.289540913044362247e-01 2.041997406052886845e+03 2.000000000000000000e+00
1.069864040282141049e-01 7.290581034735069688e-01 8.196124689380920314e-01 7.898025949953629832e-01 7.292968573265434795e-01 2.041997405283540957e+03 2.000000000000000000e+00
1.070302108601047936e-01 7.285438214369212018e-01 8.184910653820391957e-01 7.910912636862995617e-01 7.292735813647309717e-01 2.041997400100088271e+03 2.000000000000000000e+00
1.067247090835721085e-01 7.286232557050965619e-01 8.186077667210445163e-01 7.900533549245080112e-01 7.295235870802287970e-01 2.041997401296913040e+03 2.000000000000000000e+00
1.070245027443462865e-01 7.282455579082673935e-01 8.185819120631518953e-01 7.904681839172946756e-01 7.300485364159721158e-01 2.041997401080877353e+03 2.000000000000000000e+00
1.067271933013072549e-01 7.294088480919133088e-01 8.197046192317615221e-01 7.900510924616170882e-01 7.295718450834245417e-01 2.041997406014309036e+03 2.000000000000000000e+00
1.069082058363538396e-01 7.281717409180638034e-01 8.193262594387876740e-01 7.906489816002022497e-01 7.288374941346502656e-01 2.041997390698041954e+03 2.000000000000000000e+00
1.067343879280386043e-01 7.282948972632864448e-01 8.183578693357026479e-01 7.907689869907161828e-01 7.294421073192808302e-01 2.041997401433403866e+03 2.000000000000000000e+00
1.067450178610900857e-01 7.281031900532314305e-01 8.191208488596040116e-01 7.902676199272858915e-01 7.304103606059624276e-01 2.041997402320182346e+03 2.000000000000000000e+00
1.067201226602840225e-01 7.287931474540023657e-01 8.193163964882943517e-01 7.917504404061620482e-01 7.300021951625309535e-01 2.041997402821642027e+03 2.000000000000000000e+00
1.069914897259962444e-01 7.276317236954605860e-01 8.192328751709762047e-01 7.909668438878320051e-01 7.300334892070817761e-01 2.041997401666109909e+03 2.000000000000000000e+00
1.067132353331573941e-01 7.288865498886252237e-01 8.200798108655537044e-01 7.904106064607919757e-01 7.292533840884877216e-01 2.041997399443868517e+03 2.000000000000000000e+00
1.070149763556006717e-01 7.282799055372544128e-01 8.185932861337714694e-01 7.901263174773074383e-01 7.302973433102110112e-01 2.041997411787600413e+03 2.000000000000000000e+00
1.067228572288472788e-01 7.277503526467133943e-01 8.193889852022271381e-01 7.913274772699788739e-01 7.296140675717580626e-01 2.041997399879302293e+03 2.000000000000000000e+00
1.069961480005266752e-01 7.295191936706064695e-01 8.188112068566094637e-01 7.907699795078685367e-01 7.295411124955826221e-01 2.041997401150674932e+03 2.000000000000000000e+00
1.070177847952808597e-01 7.287322416379505841e-01 8.196136930486198624e-01 7.905242231622562343e-01 7.308072989103524542e-01 2.041997412344049053e+03 2.000000000000000000e+00
1.070172657212580397e-01 7.291346065255550624e-01 8.191387771144804653e-01 7.912461636618816074e-01 7.304077941378427363e-01 2.041997403816645146e+03 2.000000000000000000e+00
1.067373745193202772e-01 7.281546942151340129e-01 8.196658548881631257e-01 7.901861094365084659e-01 7.289880275334773563e-01 2.041997399385958943e+03 2.000000000000000000e+00
1.067378810443697090e-01 7.281996070057251691e-01 8.186269620193251662e-01 7.914593314846397609e-01 7.299016327236559354e-01 2.041997403583412733e+03 2.000000000000000000e+00
