-4.185927175791195887e-01 8.396339878712506533e-01 9.410802822739258167e-01 7.821346886106287366e-01 8.238424433068362029e-01 6.299984012066767169e-01 5.691712436742323300e-01 6.447048683681713133e-01 5.529547012705227083e-01 1.932731820745954792e+03 2.000000000000000000e+00
-4.184511988511694369e-01 8.395710765609079029e-01 9.410339241669960497e-01 7.820164233431363687e-01 8.238317122708513907e-01 6.300248185242148802e-01 5.691438561053157041e-01 6.448623723571085264e-01 5.529681068051961468e-01 1.932731821368005740e+03 2.000000000000000000e+00
-4.184588543291646312e-01 8.396054595570381363e-01 9.410336845239194448e-01 7.819880845985366369e-01 8.238178948340135754e-01 6.300041214508869114e-01 5.691344878260439222e-01 6.448801311193983476e-01 5.529767093612462103e-01 1.932731821492641757e+03 2.000000000000000000e+00
-4.186368708094245772e-01 8.396433195886587875e-01 9.410787889034248899e-01 7.821410542258514509e-01 8.240993529199392986e-01 6.300052047158569701e-01 5.691617436460737478e-01 6.447123771704988959e-01 5.526481303325732064e-01 1.932731829325748095e+03 2.000000000000000000e+00
-4.185816521239154597e-01 8.396663847280875226e-01 9.411376295122905189e-01 7.821579330645512806e-01 8.238454614500370088e-01 6.299104601947858040e-01 5.690156612380532497e-01 6.446653358592788763e-01 5.529421967472237798e-01 1.932731821558338197e+03 2.000000000000000000e+00
-4.185211749329555975e-01 8.396181390822612389e-01 9.410459382233125059e-01 7.824632390295539475e-01 8.238195216448942482e-01 6.299996011254151984e-01 5.691422547831623824e-01 6.442980056816687284e-01 5.529820846729626149e-01 1.932731828687102734e+03 2.000000000000000000e+00
-4.184001721082314940e-01 8.395108616327955353e-01 9.410642952728477395e-01 7.820618130809432467e-01 8.237815080139068158e-01 6.301028207689206573e-01 5.690554141450649972e-01 6.447788247963369690e-01 5.530133692481208341e-01 1.932731823633556132e+03 2.000000000000000000e+00
-4.184642819018574711e-01 8.396202680470250534e-01 9.410492914014807475e-01 7.821638161649766552e-01 8.239897449069042423e-01 6.299980149293524789e-01 5.691366315553747501e-01 6.446687250554976600e-01 5.527703274269901712e-01 1.932731822141638986e+03 2.000000000000000000e+00
-4.185133332148340823e-01 8.398043413892546383e-01 9.410427965396411798e-01 7.820954310903134310e-01 8.237908289020322572e-01 6.296635575563915843e-01 5.691632963686040769e-01 6.447099650326438836e-01 5.530201103049752209e-01 1.932731825017314577e+03 2.000000000000000000e+00
-4.185185539498583740e-01 8.396385973916603573e-01 9.410445159079421362e-01 7.819438989802856010e-01 8.238227850873447444e-01 6.299745217890206916e-01 5.691279201630886631e-01 6.449328752116365582e-01 5.529904471883270167e-01 1.932731822157245688e+03 2.000000000000000000e+00
-4.185114167536341800e-01 8.397711579592633813e-01 9.409117736223953088e-01 7.820483798583371948e-01 8.238825091013100010e-01 6.298072759579406155e-01 5.693016450319052790e-01 6.448075427218206146e-01 5.528999326462462616e-01 1.932731824064532020e+03 2.000000000000000000e+00
-4.185446117112610609e-01 8.397112343643071686e-01 9.409354146752590964e-01 7.821785917656206566e-01 8.238478066211286643e-01 6.298783836751180587e-01 5.692761473586139820e-01 6.446464049180016254e-01 5.529424606001105413e-01 1.932731821666967335e+03 2.000000000000000000e+00
-4.186146931597075627e-01 8.397261779696862938e-01 9.410641889117777881e-01 7.820338444847728665e-01 8.238955942257927267e-01 6.298951814601867483e-01 5.691512548239797686e-01 6.448483329123999575e-01 5.528988657503992599e-01 1.932731823536394586e+03 2.000000000000000000e+00
-4.184982238494420193e-01 8.394580677995634455e-01 9.410519126226851716e-01 7.821292824206884653e-01 8.237539482330720197e-01 6.301810840050131590e-01 5.691164446020476886e-01 6.447013835697275042e-01 5.530566561951821836e-01 1.932731822020521349e+03 2.000000000000000000e+00
-4.186236187802404030e-01 8.396903005304328094e-01 9.411472781369623064e-01 7.823396806249017787e-01 8.238168370189701273e-01 6.299863380547454650e-01 5.692234270536147278e-01 6.445288323074582770e-01 5.530056269803874658e-01 1.932731827365813615e+03 2.000000000000000000e+00
-4.184150081531058940e-01 8.397457003731667591e-01 9.410098922163444568e-01 7.821149254507283599e-01 8.239654694138855984e-01 6.298100924074536699e-01 5.691335529889343103e-01 6.447135964506118810e-01 5.527819451334015088e-01 1.932731825120030408e+03 2.000000000000000000e+00
-4.184575917797573319e-01 8.397613512295049043e-01 9.410152552000876636e-01 7.819278893487783266e-01 8.236708119271535233e-01 6.298132455655839346e-01 5.691649196863209914e-01 6.449563518402160467e-01 5.531652015859420679e-01 1.932731827631640272e+03 2.000000000000000000e+00
-4.186270528722179085e-01 8.397096111403542507e-01 9.410903914075233745e-01 7.822557430124020827e-01 8.238336076373956596e-01 6.299169572181834154e-01 5.691409198475456677e-01 6.445662801869537217e-01 5.529780264188682848e-01 1.932731823750793865e+03 2.000000000000000000e+00
-4.185018032305030111e-01 8.395837299792576758e-01 9.410114375948931409e-01 7.821535393517831114e-01 8.238366787788403700e-01 6.299328768922707322e-01 5.689832111117332225e-01 6.447201888231411937e-01 5.529839009274889472e-01 1.932731822397698352e+03 2.000000000000000000e+00
-4.185101341941191433e-01 8.396441830041860843e-01 9.410117997376508114e-01 7.821324865376709790e-01 8.238687654839317309e-01 6.300016207112949518e-01 5.691866759801094133e-01 6.447516852433057277e-01 5.529926438627336127e-01 1.932731819689060785e+03 2.000000000000000000e+00
-4.185406374981394118e-01 8.396211604537709983e-01 9.410350252769228430e-01 7.818194132825717624e-01 8.238843451956614494e-01 6.299947949484783205e-01 5.691542585023495748e-01 6.450922338377640397e-01 5.529001959084072215e-01 1.932731828201461212e+03 2.000000000000000000e+00
-4.186207282030092736e-01 8.396281428177865269e-01 9.410675222292783637e-01 7.822351938989033915e-01 8.240126766577083872e-01 6.300205445584082797e-01 5.691676082970132944e-01 6.445906704913945129e-01 5.527533177375248963e-01 1.932731825679074973e+03 2.000000000000000000e+00
-4.184042932599071341e-01 8.396458774020278959e-01 9.410198691657916115e-01 7.823896200637853182e-01 8.238156323068864806e-01 6.299304968840910846e-01 5.691178597065217337e-01 6.443733295549487483e-01 5.529693972077533992e-01 1.932731828011526432e+03 2.000000000000000000e+00
-4.184592560351482193e-01 8.395904163238154805e-01 9.410221375977032565e-01 7.821508981357182533e-01 8.237750667120792292e-01 6.300232575178033034e-01 5.691490635677441956e-01 6.446780981992816795e-01 5.530317338984392928e-01 1.932731820039870854e+03 2.000000000000000000e+00
-4.185089656942404535e-01 8.396426286971616637e-01 9.411487355043164360e-01 7.822416315894344940e-01 8.238248606116678197e-01 6.300142571037020689e-01 5.691028059770250058e-01 6.446983767883776029e-01 5.529620264118767503e-01 1.932731821054988814e+03 2.000000000000000000e+00
-4.184707893491740882e-01 8.396424939257527420e-01 9.410477485455644997e-01 7.824796560838699344e-01 8.237198863060086751e-01 6.299655911032239208e-01 5.691314123017646720e-01 6.442748910664943818e-01 5.531069339541739849e-01 1.932731831226732993e+03 2.000000000000000000e+00
-4.185982434837703936e-01 8.396115237155644673e-01 9.409816190961186599e-01 7.819132405191612234e-01 8.237723567537587055e-01 6.300197142153134422e-01 5.692503227824230461e-01 6.449845314093777260e-01 5.530465603148517761e-01 1.932731826109551548e+03 2.000000000000000000e+00
-4.185436033594573391e-01 8.395767725391064529e-01 9.410314148877613194e-01 7.819284782336337614e-01 8.241096013118586194e-01 6.300549010935621030e-01 5.691732472079772398e-01 6.449493402805638320e-01 5.526257009181655411e-01 1.932731830598399029e+03 2.000000000000000000e+00
-4.184256477256039219e-01 8.396086698274637383e-01 9.410294934561646008e-01 7.822936402415026080e-01 8.238098275281083849e-01 6.299900005193577179e-01 5.691256459940092771e-01 6.444927420543342667e-01 5.529838817201601087e-01 1.932731823211128813e+03 2.000000000000000000e+00
-4.184754700781457282e-01 8.397346950845360203e-01 9.410090218619565627e-01 7.821200529617383657e-01 8.235253838001539428e-01 6.298464956365579237e-01 5.691840817076745385e-01 6.447186734561278776e-01 5.533696918069085369e-01 1.932731830057250590e+03 2.000000000000000000e+00
