8.299249756248934240e-01 1.455056891336653502e-01 7.749013221369646653e-02 9.879733721138438396e-01 8.038452909012437642e-02 2.675693630968927650e+00 3.036218859979579854e+00 9.716878266475225345e+00 3.644275264912772982e+00 2.108098798445987086e+03 2.000000000000000000e+00
8.380964469440922437e-01 1.455056148899554758e-01 7.749007549097898517e-02 9.879829362118220937e-01 -1.711819698325931227e-01 2.675693545196555334e+00 3.036218824298563934e+00 9.697830345883229342e+00 1.819750599464629559e+01 2.109749327383695345e+03 2.000000000000000000e+00
8.299081530562713027e-01 1.455056929172383051e-01 7.749009327436888472e-02 9.879738524076058237e-01 8.038452301053376770e-02 2.675693592994021319e+00 3.036218860540121689e+00 9.716556990929792192e+00 3.644275259673942724e+00 2.108098818583011052e+03 2.000000000000000000e+00
8.299085981465019746e-01 1.455056771439265373e-01 7.749012081744130476e-02 9.879736848554444562e-01 8.038450658593199183e-02 2.675693604111761825e+00 3.036218856540023658e+00 9.716968512172252659e+00 3.644275268688747182e+00 2.108098794422302035e+03 2.000000000000000000e+00
8.298323082219999369e-01 1.455055971216379640e-01 7.749008269500518020e-02 9.879754189789591301e-01 8.038448155983501930e-02 2.675693496080693290e+00 3.036218814691824086e+00 9.716669603783735454e+00 3.644275278113402905e+00 2.108098819258047115e+03 2.000000000000000000e+00
8.297841248991726371e-01 1.455058312937593523e-01 7.749036347727446261e-02 9.880194897447337476e-01 8.038473037501137064e-02 2.675692715937804333e+00 3.036217860293226600e+00 9.629954418012074413e+00 3.644274302904128238e+00 2.108104137342725608e+03 2.000000000000000000e+00
8.303499704697405726e-01 1.455060451603669702e-01 7.749033840066335554e-02 9.879644733569540316e-01 8.038454439445448518e-02 2.675694177493945336e+00 3.036219176771099093e+00 9.716528410119291692e+00 3.644275328225485389e+00 2.108098823608870589e+03 2.000000000000000000e+00
8.303848386489295352e-01 1.455060771029969557e-01 7.749033313880127061e-02 9.879637544090215107e-01 8.038453693704612768e-02 2.675694223151354745e+00 3.036219205250346498e+00 9.716503777296622957e+00 3.644275348674446136e+00 2.108098828640016563e+03 2.000000000000000000e+00
8.303509745404894504e-01 1.455060631990625075e-01 7.749033062753693524e-02 9.879643894712436536e-01 8.038452358269708442e-02 2.675694169506613207e+00 3.036219164845863627e+00 9.716724103277888602e+00 3.644275320888346492e+00 2.108098812241756150e+03 2.000000000000000000e+00
8.302690293303857105e-01 1.455059617527615923e-01 7.749029808303792288e-02 9.879661067808510611e-01 8.038452118121827694e-02 2.675694051891645220e+00 3.036219117656402400e+00 9.716780002671775662e+00 3.644275321305330273e+00 2.108098802413427165e+03 2.000000000000000000e+00
8.303996314463415462e-01 1.455147245023842850e-01 7.743759557853650832e-02 9.879631428743393950e-01 8.025753843938535081e-02 2.675679673373259515e+00 3.036347069211508209e+00 9.717185832148620861e+00 3.644852862360052903e+00 2.108098790819060923e+03 2.000000000000000000e+00
8.298298176677854077e-01 1.455056326955470603e-01 7.749007392735272892e-02 9.879754360916136458e-01 8.038452426580555699e-02 2.675693524934180445e+00 3.036218792276698775e+00 9.716730377505660599e+00 3.644275259222050423e+00 2.108098815972513876e+03 2.000000000000000000e+00
8.298108900843691460e-01 1.454861193767678085e-01 7.841912052475866202e-02 9.879603176373639162e-01 8.139713249286142926e-02 2.675726462519123938e+00 3.033969604226983474e+00 9.753735711994563573e+00 3.639681350787211667e+00 2.108096726972380566e+03 2.000000000000000000e+00
8.299068104776684551e-01 1.456971855183297748e-01 7.507905806448436636e-02 9.878862372670175196e-01 8.245084435845108362e-02 2.675370063392829234e+00 3.042075563602201438e+00 9.951317181495072717e+00 3.634920562896744034e+00 2.108086745990828149e+03 2.000000000000000000e+00
8.298940681045723355e-01 1.455043127409604564e-01 7.758058441203050104e-02 9.878676813723981098e-01 7.674030672888304538e-02 2.675695768365626392e+00 3.035999594174529026e+00 1.000868680751918660e+01 3.660961222120246550e+00 2.108084303081938742e+03 2.000000000000000000e+00
8.297962999799766148e-01 1.463272636838694463e-01 7.618091858639275404e-02 9.879442241228526544e-01 8.154634832788723586e-02 2.674306317505314112e+00 3.039395327978769323e+00 9.794400762935234539e+00 3.639005938746960211e+00 2.108094504968573347e+03 2.000000000000000000e+00
8.298658801536382690e-01 1.456306370291489960e-01 7.770728505451175716e-02 9.878281397830431798e-01 8.442471403624811355e-02 2.675482397882452013e+00 3.035692620819346654e+00 1.014328109257257182e+01 3.626055000870430423e+00 2.108078866938107240e+03 2.000000000000000000e+00
8.301771135783623246e-01 1.430427854058066439e-01 7.543680549122129542e-02 9.878519984320250913e-01 8.212486270703725499e-02 2.679861082427372754e+00 3.041205673307315394e+00 1.002821379487538067e+01 3.636391331013351103e+00 2.108083322355962537e+03 2.000000000000000000e+00
8.301283334815591219e-01 1.454386675791832229e-01 7.964035418909004571e-02 9.877767759850039075e-01 8.425120115208956095e-02 2.675808059679384954e+00 3.031020482442118968e+00 1.030762131153642791e+01 3.626831817814903935e+00 2.108073102545001802e+03 2.000000000000000000e+00
8.298474223844195530e-01 1.456044165742496066e-01 7.719806970017763226e-02 9.878037756651840695e-01 7.589389837905552438e-02 2.675526683328337541e+00 3.036926648536960371e+00 1.023642185194891496e+01 3.664871699766657720e+00 2.108075564806474176e+03 2.000000000000000000e+00
8.298382972377315037e-01 1.463286146303854895e-01 7.475369045128506251e-02 9.877917304710410740e-01 8.372628654500965939e-02 2.674304131043450994e+00 3.042868087607166316e+00 1.028578030390171705e+01 3.629184115698351309e+00 2.108073774153106569e+03 2.000000000000000000e+00
8.301458673597601479e-01 1.417573251243675059e-01 7.931632219163839426e-02 9.878062173125412571e-01 8.142902270853628888e-02 2.682040442550912562e+00 3.031802510121556882e+00 1.018884237610123833e+01 3.639537241711022109e+00 2.108076973012349299e+03 2.000000000000000000e+00
8.301266237144426796e-01 1.467214026135776339e-01 7.343262011238034515e-02 9.877746342410916869e-01 8.166309872420124405e-02 2.673642863326302965e+00 3.046092537202871764e+00 1.031669769567165496e+01 3.638478032332443934e+00 2.108072666657642912e+03 2.000000000000000000e+00
8.301142700878876290e-01 1.455813861765278272e-01 7.752391688025565830e-02 9.877543083202446894e-01 7.548038544482973955e-02 2.675566978996413159e+00 3.036137819531436133e+00 1.040884373214034930e+01 3.666787103110323187e+00 2.108070141417532795e+03 2.000000000000000000e+00
8.301220098678214754e-01 1.463449412132830085e-01 7.758446400029332668e-02 9.877649522557345740e-01 7.567438249555469287e-02 2.674277923587767614e+00 3.035991118947589218e+00 1.035953386357166295e+01 3.665888281509161573e+00 2.108071584328528388e+03 2.000000000000000000e+00
8.297971326297939321e-01 1.498697369402096358e-01 7.852344438848922470e-02 9.877362069017757706e-01 8.246614583975087065e-02 2.668341038166772705e+00 3.033717295165193395e+00 1.055154409817009586e+01 3.634851455059631586e+00 2.108065950883305050e+03 2.000000000000000000e+00
8.300996324025375905e-01 1.439483377208350678e-01 7.853277921855081334e-02 9.877315800306337712e-01 8.497079180502946361e-02 2.678327849915882020e+00 3.033695754744095030e+00 1.052280211094507578e+01 3.623614511630003587e+00 2.108066942696989827e+03 2.000000000000000000e+00
8.301431170903019741e-01 1.447137989693081939e-01 7.897873311919277606e-02 9.878015406892975969e-01 8.425680753282924207e-02 2.677033048085979416e+00 3.032617888431313524e+00 1.020698457172147400e+01 3.626806617659159127e+00 2.108076510960797350e+03 2.000000000000000000e+00
8.301078074945048568e-01 1.482297635259593738e-01 7.723008074929363365e-02 9.877456687870744823e-01 8.428129062831725415e-02 2.671100932499653968e+00 3.036850006737494834e+00 1.045062636318044547e+01 3.626697084681836714e+00 2.108068790864766015e+03 2.000000000000000000e+00
8.301149696269073397e-01 1.453660251108443435e-01 7.904053950731058931e-02 9.877539070091395645e-01 7.580980586354375828e-02 2.675930771502834205e+00 3.032468547629553868e+00 1.041056516407562249e+01 3.665261038381281367e+00 2.108070047736778633e+03 2.000000000000000000e+00
