9.402049399925935247e-02 6.690626303335976965e-01 7.105021343249166010e-01 7.979200700516796418e-01 6.510862377923651856e-01 -2.829778108632687861e-01 -5.155746920468895489e-01 2.892408303954905474e-02 -3.562223014206953864e-01 2.039298378074386619e+03 2.000000000000000000e+00
9.402796090299221643e-02 6.703010874588499757e-01 7.123448050634134665e-01 7.983338628742279175e-01 6.519553449392297972e-01 -2.783685375035712117e-01 -5.085545893945402351e-01 3.015927136748288578e-02 -3.532200147157142922e-01 2.039298406361455363e+03 2.000000000000000000e+00
9.408792619808835356e-02 6.675095296572907122e-01 7.122246037498328741e-01 7.979422197784251658e-01 6.515174135080619156e-01 -2.887655519684154681e-01 -5.090109319777496033e-01 2.899134726967826300e-02 -3.547311175127150773e-01 2.039298416230979910e+03 2.000000000000000000e+00
9.411482251553580924e-02 6.705207677822963008e-01 7.125579748396909663e-01 7.977758506653538362e-01 6.509756098820494996e-01 -2.775538169388790943e-01 -5.077458894742917783e-01 2.849424361412612738e-02 -3.566038656378243132e-01 2.039298417680951843e+03 2.000000000000000000e+00
9.408578131622359619e-02 6.696717797387228277e-01 7.127081560134571614e-01 7.981624298281401186e-01 6.522451933752613229e-01 -2.807104561712315816e-01 -5.071759644266851108e-01 2.964709527410544498e-02 -3.522215570695192421e-01 2.039298401298205135e+03 2.000000000000000000e+00
9.413029224618112145e-02 6.691179741389435831e-01 7.117530520316225351e-01 7.962438761528630726e-01 6.510810358418341881e-01 -2.827723749569857614e-01 -5.108112425192020689e-01 2.391195386983856544e-02 -3.562409603305203287e-01 2.039298386268388413e+03 2.000000000000000000e+00
9.415495281599087218e-02 6.703622924349625922e-01 7.125245695452089301e-01 7.982883952353235779e-01 6.516790166195288725e-01 -2.781417037179485519e-01 -5.078714829248611728e-01 3.002347112218983760e-02 -3.541739538739220317e-01 2.039298416426610856e+03 2.000000000000000000e+00
9.371223016545186801e-02 6.703130878814421711e-01 7.119631804763862926e-01 7.969520943098103993e-01 6.505113942566551621e-01 -2.783351085484509491e-01 -5.100216134735311435e-01 2.603080442747269727e-02 -3.582149743306810019e-01 2.039298406508420157e+03 2.000000000000000000e+00
9.409430945484767439e-02 6.704070757550096848e-01 7.122054806085783563e-01 7.971448359767229208e-01 6.514009223850454333e-01 -2.779726693152813066e-01 -5.090833156343781418e-01 2.661139729361771886e-02 -3.551330373250759509e-01 2.039298401676321419e+03 2.000000000000000000e+00
9.386687312111012538e-02 6.694046301481123562e-01 7.122911031823412342e-01 7.958811068931714860e-01 6.511565413197745178e-01 -2.816988445832258048e-01 -5.087533738032493646e-01 2.283528724616776945e-02 -3.559757769224745072e-01 2.039298467749095380e+03 2.000000000000000000e+00
9.403010207847437019e-02 6.679132016049187381e-01 7.123805572502370786e-01 7.975953866022482686e-01 6.519639960963811154e-01 -2.872616575288297613e-01 -5.084230843023351820e-01 2.795485111370758086e-02 -3.531925617054312294e-01 2.039298391699751392e+03 2.000000000000000000e+00
9.376132075276469302e-02 6.686253920686030527e-01 7.110488839009755369e-01 7.984404186483350374e-01 6.522385467196880615e-01 -2.846143844783984300e-01 -5.135019679267989190e-01 3.047192932045474437e-02 -3.522503669470525289e-01 2.039298392623692962e+03 2.000000000000000000e+00
9.380677174690785214e-02 6.675866652051437589e-01 7.114322641544816861e-01 7.974414211439403433e-01 6.515791026208415104e-01 -2.884899080649715453e-01 -5.120448595032858208e-01 2.749052069792726205e-02 -3.545281382585036556e-01 2.039298415489745366e+03 2.000000000000000000e+00
9.403178149982177603e-02 6.687869045971084336e-01 7.118123846846844405e-01 7.968724679640160069e-01 6.524588887226558942e-01 -2.840057723749800367e-01 -5.105836301346291517e-01 2.579645255038679960e-02 -3.514854037868952452e-01 2.039298410633823323e+03 2.000000000000000000e+00
9.379121238233938118e-02 6.700341979414429217e-01 7.124242142466447048e-01 7.984149299328786586e-01 6.500163270003210814e-01 -2.793682247929054618e-01 -5.082632886883118317e-01 3.039739882619084399e-02 -3.599243943937719958e-01 2.039298398927482594e+03 2.000000000000000000e+00
9.403922982877571668e-02 6.691842044684930269e-01 7.117315130229125986e-01 7.967024986506278106e-01 6.499712435421538537e-01 -2.825259059583668519e-01 -5.108917787785541842e-01 2.528911774248744984e-02 -3.600776313812315554e-01 2.039298387914627256e+03 2.000000000000000000e+00
9.401577747065065216e-02 6.703826542897656227e-01 7.110941416053069286e-01 7.983290791830774946e-01 6.512076439196877731e-01 -2.780719411624221205e-01 -5.133228311809446831e-01 3.014199244312174009e-02 -3.558055903038696566e-01 2.039298402906606952e+03 2.000000000000000000e+00
9.379787985537074713e-02 6.705492851622451012e-01 7.124600233222021517e-01 7.978351479655072520e-01 6.504247670628914291e-01 -2.774538416302333999e-01 -5.081257158490076753e-01 2.866875781130111614e-02 -3.585111066280051717e-01 2.039298430229451924e+03 2.000000000000000000e+00
9.404844832137801425e-02 6.691974190381302368e-01 7.113174604432924708e-01 7.983329397213564382e-01 6.525264279315886595e-01 -2.824717635330156740e-01 -5.124624308904434100e-01 3.015765807609709775e-02 -3.512476260656329785e-01 2.039298395094689113e+03 2.000000000000000000e+00
9.374697994404282420e-02 6.680423073657183464e-01 7.120919265668507192e-01 7.972507938447032094e-01 6.502879262867392596e-01 -2.867952965590291892e-01 -5.095384260824008527e-01 2.691947975505415078e-02 -3.589923669298104580e-01 2.039298365917094088e+03 2.000000000000000000e+00
9.408000908809457941e-02 6.684088910627078439e-01 7.126076664385415649e-01 7.990570890008860117e-01 6.514649025489490652e-01 -2.854183685301466267e-01 -5.075631540479329518e-01 3.231216371575793694e-02 -3.549174374963094403e-01 2.039298380954747927e+03 2.000000000000000000e+00
9.378676775056518644e-02 6.697560394177013432e-01 7.125141230003270154e-01 7.966250655257890445e-01 6.514886938068592537e-01 -2.804034083407571654e-01 -5.079225253086624425e-01 2.505564443357204130e-02 -3.548364472118482604e-01 2.039298390288181963e+03 2.000000000000000000e+00
9.377087439816680914e-02 6.680231456687198976e-01 7.115819481431274740e-01 7.967227388665746313e-01 6.508801577633972490e-01 -2.868610756279614815e-01 -5.114740463581440855e-01 2.534508848212775611e-02 -3.569414608507219255e-01 2.039298384998542133e+03 2.000000000000000000e+00
9.377461331905630193e-02 6.686593650316523529e-01 7.124802532586734793e-01 7.973218961351467016e-01 6.521844229343205512e-01 -2.844832982266731758e-01 -5.080455392689925409e-01 2.714026934325785081e-02 -3.524329934632671191e-01 2.039298361643806857e+03 2.000000000000000000e+00
9.399468731017690537e-02 6.677083551040606801e-01 7.120934817569879449e-01 7.977586190228079799e-01 6.505061822343577438e-01 -2.880363323137919429e-01 -5.095251911356233343e-01 2.843791024227966882e-02 -3.582339798731459801e-01 2.039298376171105701e+03 2.000000000000000000e+00
9.372692186566160266e-02 6.691525626993688469e-01 7.113435105155471172e-01 7.991073417334254581e-01 6.519989343795946635e-01 -2.826532134884426894e-01 -5.123826811124243541e-01 3.245923891922345567e-02 -3.530776709913578948e-01 2.039298379085012130e+03 2.000000000000000000e+00
9.398195193937657066e-02 6.706649256737496900e-01 7.121776705924361961e-01 7.978686733107145379e-01 6.510510332929914101e-01 -2.770239206615423000e-01 -5.091989228193408712e-01 2.876873092450315389e-02 -3.563468776375356972e-01 2.039298405990716446e+03 2.000000000000000000e+00
9.374907087146543139e-02 6.689010182600627630e-01 7.127581692345474895e-01 7.988499854111092979e-01 6.518400322636532795e-01 -2.835869328637122821e-01 -5.069975789270504407e-01 3.169289185383177693e-02 -3.536249038065353290e-01 2.039298373611078205e+03 2.000000000000000000e+00
9.405227923729360395e-02 6.680812635868035310e-01 7.127503574142763920e-01 7.971301631761995576e-01 6.513958099308789773e-01 -2.866317923096642906e-01 -5.070090715858738273e-01 2.656778658726714065e-02 -3.551500006173429758e-01 2.039298395410043213e+03 2.000000000000000000e+00
9.409061789616723903e-02 6.673885095056176775e-01 7.120268088444317023e-01 7.978092708585269310e-01 6.510163351947535482e-01 -2.892175926145053033e-01 -5.097637100110214980e-01 2.859456704568781940e-02 -3.564621743373104779e-01 2.039298423831027776e+03 2.000000000000000000e+00
