4.154928639192174977e-02 9.406496236918511222e-01 8.597764278280605188e-01 9.509636357713373567e-01 8.335716039261916732e-01 2.028376805641902138e+03 2.000000000000000000e+00
4.129563257258397208e-02 9.407324744207223866e-01 8.597930346646829314e-01 9.509293365698119338e-01 8.335486561943790118e-01 2.028376798237204639e+03 2.000000000000000000e+00
4.122019090056502910e-02 9.411991834954253067e-01 8.590924484888222690e-01 9.509644889388151334e-01 8.335762601129702576e-01 2.028376806993020409e+03 2.000000000000000000e+00
4.122160552389051574e-02 9.411808000157668719e-01 8.598636519613054308e-01 9.504341345815316977e-01 8.335284475249790104e-01 2.028376802381584866e+03 2.000000000000000000e+00
4.128042786269089243e-02 9.411091670831388534e-01 8.597539777619588319e-01 9.503500976065144545e-01 8.335245347882220823e-01 2.028376802135703656e+03 2.000000000000000000e+00
4.156621378906903697e-02 9.412392434531836605e-01 8.598393711188148103e-01 9.503543771219039593e-01 8.336842105807921177e-01 2.028376807485763266e+03 2.000000000000000000e+00
4.150894068935091774e-02 9.412471218809875806e-01 8.597753432400372375e-01 9.509612873818965584e-01 8.328424542470290737e-01 2.028376806270794532e+03 2.000000000000000000e+00
4.124931353309846394e-02 9.412516597470326207e-01 8.597852718722298615e-01 9.509650541822892711e-01 8.328521384555838125e-01 2.028376805512577221e+03 2.000000000000000000e+00
4.117940839802839564e-02 9.414540404111426675e-01 8.598372996408427671e-01 9.502848747883818614e-01 8.338726038591628420e-01 2.028376813186352592e+03 2.000000000000000000e+00
4.147003562158020629e-02 9.406306129498368529e-01 8.597837504641149264e-01 9.509655905053131519e-01 8.335860081305336289e-01 2.028376801832671845e+03 2.000000000000000000e+00
4.130658103883906584e-02 9.413009435340727871e-01 8.595319086977101231e-01 9.506657652926845392e-01 8.338590773617963192e-01 2.028376796661180833e+03 2.000000000000000000e+00
4.154460514261016507e-02 9.411345070385951361e-01 8.599785941876053608e-01 9.509120114981856053e-01 8.330097648794156928e-01 2.028376804750077781e+03 2.000000000000000000e+00
4.158187837583129931e-02 9.410517318492258587e-01 8.591820745422391603e-01 9.509151766191309418e-01 8.340143949970424408e-01 2.028376813611274656e+03 2.000000000000000000e+00
4.153409652338110880e-02 9.411885759439451160e-01 8.597872852901157215e-01 9.505760305569254109e-01 8.331973220984940642e-01 2.028376802439642233e+03 2.000000000000000000e+00
4.121780228320032213e-02 9.411762352836616774e-01 8.594554841289131497e-01 9.504175996112823599e-01 8.332531764188209067e-01 2.028376808091541761e+03 2.000000000000000000e+00
4.122054182344052353e-02 9.409708101690859028e-01 8.597571806565540431e-01 9.508884914194128957e-01 8.330986466750343045e-01 2.028376802361323826e+03 2.000000000000000000e+00
4.119828667356548180e-02 9.412924245865956774e-01 8.593529548904681459e-01 9.509883397641644143e-01 8.342378945722520589e-01 2.028376811605611238e+03 2.000000000000000000e+00
4.144958684516823755e-02 9.411855165633300491e-01 8.597215339549325597e-01 9.512320361714532435e-01 8.332235360227974175e-01 2.028376795913120986e+03 2.000000000000000000e+00
4.131720156245589221e-02 9.411778351662916098e-01 8.596038893652530044e-01 9.506865131499416810e-01 8.333257586194360300e-01 2.028376794871717266e+03 2.000000000000000000e+00
4.117866026676387375e-02 9.413729209095872408e-01 8.605093528708349648e-01 9.511172700654885181e-01 8.340280042691421425e-01 2.028376817383842990e+03 2.000000000000000000e+00
4.140534333499109459e-02 9.413186031054543434e-01 8.597644597427075430e-01 9.507675146120670995e-01 8.335343824260791346e-01 2.028376791088146319e+03 2.000000000000000000e+00
4.153582485849981187e-02 9.409400798040865599e-01 8.596968531025678262e-01 9.505853935445049974e-01 8.339081370776002533e-01 2.028376804297711715e+03 2.000000000000000000e+00
4.129300661789551963e-02 9.412284290281569543e-01 8.597726466203889917e-01 9.509628046431753967e-01 8.330671681845425169e-01 2.028376797295464939e+03 2.000000000000000000e+00
4.121404822712194244e-02 9.410898293196149345e-01 8.601577239178145318e-01 9.510909923571142510e-01 8.338830486059388702e-01 2.028376802178692742e+03 2.000000000000000000e+00
4.156022164074655439e-02 9.412733131990459468e-01 8.604216789796449438e-01 9.508310687329334376e-01 8.334307372236516853e-01 2.028376808363921555e+03 2.000000000000000000e+00
4.121031949241137082e-02 9.412696240999488539e-01 8.596700561522994111e-01 9.508473073874842418e-01 8.328763573112829555e-01 2.028376807732563975e+03 2.000000000000000000e+00
4.155084967337555057e-02 9.413345144416126464e-01 8.604430083709199151e-01 9.511339930641730112e-01 8.338200875001886558e-01 2.028376809813938735e+03 2.000000000000000000e+00
4.156067601603393585e-02 9.414626246028738876e-01 8.602055547225829768e-01 9.508617716311535961e-01 8.331853655647721846e-01 2.028376806597259019e+03 2.000000000000000000e+00
4.119238912072153286e-02 9.412329728526610539e-01 8.598442633506984123e-01 9.507822009357289605e-01 8.328565610788383200e-01 2.028376809997376768e+03 2.000000000000000000e+00
4.154012213390238101e-02 9.412159458549024249e-01 8.598471065780645128e-01 9.504431309394563154e-01 8.336762090456318886e-01 2.028376802921322906e+03 2.000000000000000000e+00
