1.737351851076845533e+00 2.289543795020866128e+03 2.000000000000000000e+00
1.737281946247525077e+00 2.289543796254180961e+03 2.000000000000000000e+00
1.737314920281750830e+00 2.289543795428862722e+03 2.000000000000000000e+00
1.737360646637763129e+00 2.289543795004134154e+03 2.000000000000000000e+00
1.737471141057046253e+00 2.289543797429845654e+03 2.000000000000000000e+00
1.737349717204178523e+00 2.289543795029590001e+03 2.000000000000000000e+00
1.737479871525277941e+00 2.289543797829645882e+03 2.000000000000000000e+00
1.737264619666989640e+00 2.289543796862180443e+03 2.000000000000000000e+00
1.737373236565953771e+00 2.289543795034031064e+03 2.000000000000000000e+00
1.737459607633147662e+00 2.289543796948416912e+03 2.000000000000000000e+00
1.737316641779414361e+00 2.289543795397721624e+03 2.000000000000000000e+00
1.737345447560546319e+00 2.289543795052512905e+03 2.000000000000000000e+00
1.737467630545005859e+00 2.289543797277678095e+03 2.000000000000000000e+00
1.737469959697891086e+00 2.289543797378087675e+03 2.000000000000000000e+00
1.737317750627302981e+00 2.289543795378290724e+03 2.000000000000000000e+00
1.737309433013292992e+00 2.289543795536037578e+03 2.000000000000000000e+00
1.737456813654606247e+00 2.289543796839794595e+03 2.000000000000000000e+00
1.737378337935336692e+00 2.289543795064193546e+03 2.000000000000000000e+00
1.737348715627896611e+00 2.289543795034312552e+03 2.000000000000000000e+00
1.737293200874505894e+00 2.289543795923591460e+03 2.000000000000000000e+00
1.737461175476047837e+00 2.289543797010737762e+03 2.000000000000000000e+00
1.737324223465493978e+00 2.289543795274678814e+03 2.000000000000000000e+00
1.737315721928409884e+00 2.289543795414213946e+03 2.000000000000000000e+00
1.737301975640087592e+00 2.289543795700999908e+03 2.000000000000000000e+00
1.737367914998736440e+00 2.289543795013658837e+03 2.000000000000000000e+00
1.737448489915448313e+00 2.289543796534695502e+03 2.000000000000000000e+00
1.737363366240151752e+00 2.289543795005223728e+03 2.000000000000000000e+00
1.737421672848529219e+00 2.289543795740176392e+03 2.000000000000000000e+00
1.737350793394401016e+00 2.289543795024962947e+03 2.000000000000000000e+00
1.737328860570781508e+00 2.289543795210755889e+03 2.000000000000000000e+00
