-3.995337482297673520e-02 1.374261304333324052e+00 1.424462286555486124e+00 2.428134829982989018e+00 6.333557117537257364e-01 4.982602614592190338e-01 5.375683210645342269e-01 7.606735896938495722e-01 1.846640268840457511e+00 1.934098007530929863e+03 2.000000000000000000e+00
-3.999429966210116955e-02 1.340994778273814969e+00 1.526446034090580328e+00 2.428204939356874092e+00 6.557293153907238770e-01 5.377856438899861757e-01 4.181868220751432941e-01 7.607363501392794269e-01 1.804278968889566181e+00 1.934090152295368171e+03 2.000000000000000000e+00
-3.995961769757311322e-02 1.372628234493833199e+00 1.430113594683726452e+00 2.428188658420978197e+00 6.429220377138372688e-01 5.001919993990517899e-01 5.308637388463403051e-01 7.607221729013782241e-01 1.828420354497519051e+00 1.934097003574835526e+03 2.000000000000000000e+00
-3.997810522201274835e-02 1.320927460897123540e+00 1.563990554671897293e+00 2.428198053723928940e+00 6.348838383282949804e-01 5.618104645760371163e-01 3.750439152767127693e-01 7.607303556833644453e-01 1.843718850242481722e+00 1.934093373322752541e+03 2.000000000000000000e+00
3.670527095337667300e-01 1.334828170253522739e+00 1.391984877858878145e+00 7.227444807277563221e+00 6.274191807019009914e+00 5.451535645947580555e-01 5.763147735090041746e-01 -4.568234355032382510e+00 -4.661181847499862307e+00 2.015492659775012498e+03 2.000000000000000000e+00
-3.999531430631964729e-02 1.396755424529893430e+00 1.563676839937538254e+00 2.428190048964146808e+00 6.583467254412160852e-01 4.717399507088618771e-01 3.754027283971951290e-01 7.607224339368283683e-01 1.799379844092839686e+00 1.934089862263511350e+03 2.000000000000000000e+00
-3.994444103163748150e-02 1.364933996470009125e+00 1.420468978171639529e+00 2.428126607796516900e+00 6.349678274440344605e-01 5.093052444585739469e-01 5.423125349272661655e-01 7.606657139871851880e-01 1.843558398850686730e+00 1.934099626013467514e+03 2.000000000000000000e+00
-3.995823308317233979e-02 1.351079652308919909e+00 1.436146119169587898e+00 2.428094500936162969e+00 6.358570655007592665e-01 5.257641843999373288e-01 5.237189376134612218e-01 7.606369030964450495e-01 1.841860446138743113e+00 1.934096861140483270e+03 2.000000000000000000e+00
-3.999525928418865700e-02 1.408881864004368989e+00 1.557931775973883548e+00 2.428216400702357447e+00 6.575574970199048463e-01 4.575098160755471932e-01 3.819785775113098136e-01 7.607467644735117496e-01 1.800855854872510431e+00 1.934089990961053445e+03 2.000000000000000000e+00
3.015751797711821447e-01 1.346804802397677081e+00 1.397151752734201891e+00 7.227609192594099952e+00 6.344468628647060848e-01 5.308557375298244008e-01 5.701255611464757234e-01 -4.568086720130746237e+00 1.844553824530915209e+00 2.002397655907052695e+03 2.000000000000000000e+00
-3.998544546539994221e-02 1.378446115889258916e+00 1.475452902299839719e+00 2.428126797700828288e+00 6.591396444823786060e-01 4.933140583910480270e-01 4.774620050386865766e-01 7.606658775597825439e-01 1.797897980239480997e+00 1.934091420130079314e+03 2.000000000000000000e+00
-3.996663130268131303e-02 1.428189066389710549e+00 1.595946008847138886e+00 2.428119810205469076e+00 6.400176378645414665e-01 4.349474003222743024e-01 3.386386861405638604e-01 7.606730798935638083e-01 1.833934833793366082e+00 1.934095172687818831e+03 2.000000000000000000e+00
-3.995886624118012015e-02 1.417177637063402607e+00 1.609441344637144944e+00 2.428078549640305006e+00 6.364915531161762230e-01 4.478013802119352738e-01 3.233479098273467911e-01 7.606223668142834127e-01 1.840649790980751321e+00 1.934096515034623735e+03 2.000000000000000000e+00
-3.997792835224991959e-02 1.428172572723358957e+00 1.585150712718972787e+00 2.428189341606107110e+00 6.433615260101549493e-01 4.349666266113672575e-01 3.509057050127118993e-01 7.607218601103681310e-01 1.827587201589362831e+00 1.934093329646132361e+03 2.000000000000000000e+00
-4.000843507152061773e-02 1.381585274984937106e+00 1.562343289427656101e+00 2.424766682859344158e+00 6.219544907652099219e-01 4.896074829368118886e-01 3.769282901985828160e-01 7.644403094318212855e-01 1.868570875824663968e+00 1.934086923592505627e+03 2.000000000000000000e+00
-3.997744483874816207e-02 1.335253703798398695e+00 1.581473015673869220e+00 2.428135573925322532e+00 6.261318352373130836e-01 5.446446929606766352e-01 3.550920634589551650e-01 7.606745791663235279e-01 1.860507948774536180e+00 1.934093219645501904e+03 2.000000000000000000e+00
-3.998586845802605538e-02 1.377733875303242872e+00 1.589840503010878647e+00 2.428182011937757956e+00 6.176482898887315498e-01 4.941554716417818627e-01 3.455726538676994752e-01 7.607169153290782582e-01 1.876916504382740936e+00 1.934091890697949566e+03 2.000000000000000000e+00
-3.995491995492288229e-02 1.337023290615582782e+00 1.443590128947469964e+00 2.427995639505603265e+00 6.369091376704458796e-01 5.425292844439599804e-01 5.149193248857696359e-01 7.607211600039563981e-01 1.839853403500794515e+00 1.934097364798082936e+03 2.000000000000000000e+00
-3.997547731108710284e-02 1.395621242383425997e+00 1.605618032666273676e+00 2.428182246277207135e+00 6.265608990539180967e-01 4.730732627316852623e-01 3.276748816612461424e-01 7.607173986423719780e-01 1.859681615057070303e+00 1.934093953881998914e+03 2.000000000000000000e+00
-3.997702570274496575e-02 1.326451681877109934e+00 1.575284617339606230e+00 2.428180914846391758e+00 6.396535064635674450e-01 5.551828397519125158e-01 3.621448128660723631e-01 7.607160876168871377e-01 1.834627256036660103e+00 1.934093684366244815e+03 2.000000000000000000e+00
-3.996931125991293882e-02 1.378393059122394515e+00 1.610444419312476283e+00 2.428244548001194936e+00 6.232846772550345582e-01 4.933767025362800762e-01 3.222133088235171194e-01 7.607723220877012915e-01 1.865999921868459310e+00 1.934095458820358999e+03 2.000000000000000000e+00
-3.996953706955597152e-02 1.453455645431484422e+00 1.502900639654586312e+00 2.428125505405067663e+00 6.292025947092634297e-01 4.055911250877194951e-01 4.454564494252781781e-01 7.606645860085098354e-01 1.854601389231220754e+00 1.934094565100889213e+03 2.000000000000000000e+00
-3.998437238300087126e-02 1.404338935453873338e+00 1.584377025045815790e+00 2.428134822679503202e+00 6.178519671612688891e-01 4.628354564308688190e-01 3.517860901219685976e-01 7.606840065861903977e-01 1.876520981330059179e+00 1.934091680364462718e+03 2.000000000000000000e+00
-4.000322997936293923e-02 1.346779338007086713e+00 1.520153377818405760e+00 2.425766378883729146e+00 6.183883842545797593e-01 5.308860488975308822e-01 4.254583670478199742e-01 7.633268906462660208e-01 1.875479695410172232e+00 1.934088374639428366e+03 2.000000000000000000e+00
-3.996665916889387965e-02 1.327172251181876650e+00 1.586131024263780942e+00 2.428127172993818750e+00 6.363989000496128590e-01 5.543191488129520783e-01 3.497904253294644161e-01 7.606646737358470078e-01 1.840826538125347023e+00 1.934095198376998269e+03 2.000000000000000000e+00
-4.000491818954689943e-02 1.426528759269412028e+00 1.530495576215587405e+00 2.431542552463290985e+00 6.347341050851063038e-01 4.368831647012624830e-01 4.135135865133889310e-01 7.569739043935976852e-01 1.844004912775458305e+00 1.934087588004013924e+03 2.000000000000000000e+00
-3.997656655943059717e-02 1.361311105543956845e+00 1.589365004762201217e+00 2.428081257413210459e+00 6.537637851697452041e-01 5.136030414629597640e-01 3.461131601432278493e-01 7.606248107826866223e-01 1.807965586353787568e+00 1.934093018728027346e+03 2.000000000000000000e+00
-3.998704823918938084e-02 1.410093027849512293e+00 1.578686133026539151e+00 2.428187616484894562e+00 6.532723828393555143e-01 4.560910740670580665e-01 3.582668822433825451e-01 7.607194564200396858e-01 1.808888310156971047e+00 1.934091501236249087e+03 2.000000000000000000e+00
-3.997714513218700999e-02 1.416735279348157572e+00 1.578473079440783078e+00 2.428078420202317567e+00 6.151901388314906516e-01 4.483185298216174619e-01 3.585097353699537859e-01 7.606223376731308106e-01 1.881696125500055272e+00 1.934092858897081442e+03 2.000000000000000000e+00
-3.997294796304739356e-02 1.316692437964511297e+00 1.486364843302256711e+00 2.428241597920131500e+00 6.327121376727057322e-01 5.668985933581728309e-01 4.647096318981376317e-01 7.607696565520977172e-01 1.847871899677877350e+00 1.934094744607315988e+03 2.000000000000000000e+00
