-1.099693744028511638e-01 5.533454902580583479e-01 6.765606038675627820e-01 6.071583242842003569e-01 5.811706628099715388e-01 8.271906060507089320e-01 7.444859147410397560e-01 8.224311702111869460e-01 7.236110345304787028e-01 1.996936029379443426e+03 2.000000000000000000e+00
-1.099392698301342591e-01 5.537359210761890749e-01 6.765830038967283189e-01 6.070749842932446905e-01 5.818412808398819580e-01 8.268547501434453384e-01 7.444695334963188360e-01 8.225094329746427402e-01 7.229478306460653814e-01 1.996936027138756572e+03 2.000000000000000000e+00
-1.098886047706503777e-01 5.533920350390698628e-01 6.764477143833753647e-01 6.071206162261825190e-01 5.816216792772893607e-01 8.272620990228165549e-01 7.446309277414527861e-01 8.225938540616470895e-01 7.231971156414245261e-01 1.996936016951421152e+03 2.000000000000000000e+00
-1.098895858387394647e-01 5.533219917752454364e-01 6.767374099953121780e-01 6.067938332099752641e-01 5.819169236359210684e-01 8.272106398540521877e-01 7.442965939289475363e-01 8.227639853700857708e-01 7.228699054604261764e-01 1.996936024340817085e+03 2.000000000000000000e+00
-1.099487892639168102e-01 5.535213974049255636e-01 6.765056605772575837e-01 6.070554734751824055e-01 5.812933762776932856e-01 8.270434072178550755e-01 7.445533133326190933e-01 8.225277708287573875e-01 7.234803549360535602e-01 1.996936024585417499e+03 2.000000000000000000e+00
-1.096886020735791528e-01 5.532977967380534601e-01 6.765773016004268392e-01 6.075865735515829646e-01 5.816570148827616693e-01 8.272309458394087045e-01 7.444660664212308099e-01 8.220357942433429432e-01 7.231237562407527575e-01 1.996936029203503949e+03 2.000000000000000000e+00
-1.096458013118153663e-01 5.533363419206239753e-01 6.765490682627037788e-01 6.067190951093784923e-01 5.814378691639442431e-01 8.271891780894073953e-01 7.444839061749598530e-01 8.228283063873100822e-01 7.233298605576164997e-01 1.996936024505526348e+03 2.000000000000000000e+00
-1.096427545448648150e-01 5.534399453370119071e-01 6.765556420865912468e-01 6.070521465120486404e-01 5.819544890821194416e-01 8.271067303418716543e-01 7.444882942091617384e-01 8.225275731351762154e-01 7.228315321434970464e-01 1.996936024657266671e+03 2.000000000000000000e+00
-1.095412412310029365e-01 5.533754946725872870e-01 6.769195402134281503e-01 6.073715219636475204e-01 5.813703677611614662e-01 8.271556029807727306e-01 7.440883305745058518e-01 8.222313624404187227e-01 7.233956571143039804e-01 1.996936041848527566e+03 2.000000000000000000e+00
-1.099412254614025308e-01 5.533792359831950503e-01 6.765025820549113167e-01 6.074630759041370620e-01 5.816376920128296657e-01 8.271654062284037323e-01 7.445541393727324042e-01 8.221522296083556558e-01 7.231457663987665985e-01 1.996936025770944525e+03 2.000000000000000000e+00
-1.096200683301411516e-01 5.532477237022834782e-01 6.769084795763842255e-01 6.068032547306276836e-01 5.817850422151300549e-01 8.272683765795588728e-01 7.441027923197758298e-01 8.227497713035399896e-01 7.229941131537552801e-01 1.996936031475938080e+03 2.000000000000000000e+00
-1.099800681256096202e-01 5.529416570608777226e-01 6.765918096277764304e-01 6.070296403527065676e-01 5.813560508177517683e-01 8.275395317974272302e-01 7.444522850228595390e-01 8.225486313514265291e-01 7.234155718232696541e-01 1.996936030167582430e+03 2.000000000000000000e+00
-1.098993687181718248e-01 5.537414350418270459e-01 6.766361467331850621e-01 6.070182963259767028e-01 5.815686339691363838e-01 8.268440747115226586e-01 7.444029653138645175e-01 8.225586253776245860e-01 7.232087865240235391e-01 1.996936023094070151e+03 2.000000000000000000e+00
-1.097562525889802659e-01 5.538791636083034708e-01 6.765766753488042795e-01 6.072583432981829565e-01 5.817915916553312305e-01 8.267364843271205466e-01 7.444784055034965320e-01 8.223431621273821213e-01 7.230009773258787575e-01 1.996936030139308969e+03 2.000000000000000000e+00
-1.096290483721439613e-01 5.532558736059252080e-01 6.766038753857844812e-01 6.074492557909131341e-01 5.816410603366100052e-01 8.272653380080814411e-01 7.444351255691978864e-01 8.221618632145621941e-01 7.231369044615936215e-01 1.996936026868950648e+03 2.000000000000000000e+00
-1.098797537551459008e-01 5.531195091627773008e-01 6.766419096337322747e-01 6.072715175573859536e-01 5.813682816571005274e-01 8.273745520679970378e-01 7.443971158959310497e-01 8.223230070855251927e-01 7.234150241567838258e-01 1.996936021985818115e+03 2.000000000000000000e+00
-1.097517424403093161e-01 5.534842791062758449e-01 6.765985166112759019e-01 6.069959385779117866e-01 5.815483027331886934e-01 8.270689997609336208e-01 7.444462315424814625e-01 8.225788720633545603e-01 7.232314846021938859e-01 1.996936014953964559e+03 2.000000000000000000e+00
-1.098135350145746786e-01 5.531990579405714481e-01 6.765036305758018731e-01 6.072167327436120976e-01 5.817648939433522903e-01 8.274131116665260910e-01 7.445426428989549983e-01 8.224562668361112827e-01 7.230993215863473766e-01 1.996936017046684128e+03 2.000000000000000000e+00
-1.099616239949443852e-01 5.535188760470454161e-01 6.765673363229254278e-01 6.066734006551701697e-01 5.814133595917208019e-01 8.270438459240859741e-01 7.444904973400768844e-01 8.228767957434203195e-01 7.234181644224159102e-01 1.996936029487579162e+03 2.000000000000000000e+00
-1.098097520916778563e-01 5.531785815212907353e-01 6.766265997375147112e-01 6.068716971720869990e-01 5.811184133291962262e-01 8.273452903366411704e-01 7.444286195315231724e-01 8.226980384744918551e-01 7.236590385704967376e-01 1.996936027985826513e+03 2.000000000000000000e+00
-1.099727447965741650e-01 5.529854045227289294e-01 6.766492068699037077e-01 6.070567991117790108e-01 5.820272379077096048e-01 8.275041943457769333e-01 7.443942319750598280e-01 8.225252955270885291e-01 7.227449615060469457e-01 1.996936034437837407e+03 2.000000000000000000e+00
-1.096569248967344951e-01 5.536293483463486931e-01 6.764936669930277091e-01 6.072867414441516232e-01 5.817844753415813974e-01 8.269369487641766714e-01 7.445454307563882379e-01 8.223109720290032731e-01 7.229967706895941149e-01 1.996936025798393302e+03 2.000000000000000000e+00
-1.099305015515018441e-01 5.529713076814307682e-01 6.765808140050827424e-01 6.071652729310201835e-01 5.817952826677214029e-01 8.275199811169894337e-01 7.444711814996579635e-01 8.224260003470604818e-01 7.229925060887358867e-01 1.996936025215793052e+03 2.000000000000000000e+00
-1.100258260003674632e-01 5.529721302801778871e-01 6.766717413440317408e-01 6.073281646699874026e-01 5.818887929988835195e-01 8.275142614002212182e-01 7.443683348930221211e-01 8.222753419498413097e-01 7.228971211247099404e-01 1.996936037922009518e+03 2.000000000000000000e+00
-1.097009932311034941e-01 5.533211085269625906e-01 6.765531620150443404e-01 6.069218835634136999e-01 5.820503035156728844e-01 8.272114118619283696e-01 7.444925277779088635e-01 8.226471369309923398e-01 7.227396214932865215e-01 1.996936025624231661e+03 2.000000000000000000e+00
-1.097023712400021223e-01 5.532899157625249531e-01 6.763687034467689152e-01 6.070918375898106678e-01 5.816103881952577881e-01 8.272093376359593853e-01 7.446821493554979243e-01 8.224896667357096680e-01 7.231599167047058074e-01 1.996936017815286959e+03 2.000000000000000000e+00
-1.096181380555242557e-01 5.530225267895266805e-01 6.765629759311243552e-01 6.071480705408321965e-01 5.820161427086846251e-01 8.274520727409661047e-01 7.444668693291057737e-01 8.224297067002682704e-01 7.227587032826630065e-01 1.996936033085827148e+03 2.000000000000000000e+00
-1.098283397047624260e-01 5.532537300605082642e-01 6.765113543103741245e-01 6.067181280240483421e-01 5.815557093157944779e-01 8.271882445010647622e-01 7.445387347299690095e-01 8.227699955712732827e-01 7.229802501153889116e-01 1.996936019846121781e+03 2.000000000000000000e+00
-1.097169446788162500e-01 5.535777238651141685e-01 6.765278078729796141e-01 6.073640090644862877e-01 5.815794651070872456e-01 8.269986052553436329e-01 7.445069356431799346e-01 8.222530621165151654e-01 7.232026155115767185e-01 1.996936021580730539e+03 2.000000000000000000e+00
-1.097068227000882745e-01 5.531420558799461373e-01 6.765739991715289392e-01 6.072814419912303530e-01 5.815869376357268861e-01 8.272123180187673785e-01 7.444683661163246091e-01 8.223042936230803290e-01 7.231943827526745583e-01 1.996936018757030524e+03 2.000000000000000000e+00
