4.138111053236843140e-01 9.435049642215503241e+00 -8.376641827005999463e-01 -3.425807768632999628e-01 -6.716555086162145916e-01 2.105811438709004960e+03 2.000000000000000000e+00
2.124566890642603234e-01 -5.913532621107346898e-01 -8.390838428533249349e-01 -3.403365320079295708e-01 -6.711383486612022553e-01 2.063909571773703647e+03 2.000000000000000000e+00
2.120833923938468535e-01 -5.894899288683832506e-01 -8.429871879892466557e-01 -3.386448619976401009e-01 -6.704602080955678334e-01 2.063909590058732647e+03 2.000000000000000000e+00
2.120770913134638058e-01 -5.996552990525872984e-01 -8.409098508746698508e-01 -3.498213743843048840e-01 -6.692011626988271233e-01 2.063909592465015521e+03 2.000000000000000000e+00
2.120880142833559412e-01 -6.035530822277047625e-01 -8.479768641646300287e-01 -3.414147483422814711e-01 -6.782867337748340608e-01 2.063909568395350107e+03 2.000000000000000000e+00
2.124354468524511097e-01 -5.900257858008570722e-01 -8.426268597177438702e-01 -3.371280350737056453e-01 -6.769769020134128734e-01 2.063909582440212944e+03 2.000000000000000000e+00
2.123955643433373119e-01 -5.884669139161663454e-01 -8.429074018535887003e-01 -3.416464838497652035e-01 -6.700197143914774500e-01 2.063909572246216158e+03 2.000000000000000000e+00
2.121213766859615935e-01 -5.981506683732822349e-01 -8.389603003979949625e-01 -3.490788954182447168e-01 -6.720218341849540922e-01 2.063909521553960531e+03 2.000000000000000000e+00
2.123203162170826386e-01 -5.934460012707786225e-01 -8.394344300575145024e-01 -3.379322705360625623e-01 -6.735776123737279297e-01 2.063909538059427177e+03 2.000000000000000000e+00
2.124724653269631225e-01 -5.884144534875441757e-01 -8.412757707623016445e-01 -3.438419173510994242e-01 -6.705801240935186369e-01 2.063909573071911836e+03 2.000000000000000000e+00
2.119835979461714426e-01 -5.920489256742035300e-01 -8.389717990566328831e-01 -3.480072653683324857e-01 -6.708346831246853048e-01 2.063909557521380066e+03 2.000000000000000000e+00
2.120431077194891989e-01 -5.899643865501084106e-01 -8.420976160499062946e-01 -3.408498959817770069e-01 -6.693147383953792495e-01 2.063909566597606499e+03 2.000000000000000000e+00
2.121218881613416152e-01 -5.939520544793003287e-01 -8.506697999100013563e-01 -3.389911895154046895e-01 -6.768415501809751378e-01 2.063909516439592608e+03 2.000000000000000000e+00
2.121213426000356228e-01 -5.948333709545627901e-01 -8.457465308518942182e-01 -3.538895150734166495e-01 -6.746975303174432836e-01 2.063909566340853871e+03 2.000000000000000000e+00
2.123340783064568416e-01 -5.882239214829179108e-01 -8.482817234618617031e-01 -3.431373333767084310e-01 -6.782571657219577110e-01 2.063909540491549251e+03 2.000000000000000000e+00
2.124957642291086801e-01 -6.035102253565154395e-01 -8.447774401166791014e-01 -3.409795165319415844e-01 -6.700438841762831332e-01 2.063909600775502440e+03 2.000000000000000000e+00
2.124733578861307259e-01 -5.939906319158907433e-01 -8.437904520252355045e-01 -3.349106030713036586e-01 -6.738772692412854370e-01 2.063909587941369864e+03 2.000000000000000000e+00
2.120778630398100217e-01 -5.959390193197752206e-01 -8.418600130990718799e-01 -3.422070003786792380e-01 -6.835227603535319885e-01 2.063909571032802887e+03 2.000000000000000000e+00
2.124664505734402686e-01 -5.990910540857802280e-01 -8.392153054886982710e-01 -3.507155869279374727e-01 -6.727975781443318315e-01 2.063909579647128339e+03 2.000000000000000000e+00
2.120705848673805627e-01 -5.905782976597849787e-01 -8.447989118053820246e-01 -3.513126253076278571e-01 -6.810917702936416518e-01 2.063909637625222331e+03 2.000000000000000000e+00
2.121238296123540423e-01 -6.017455149606588671e-01 -8.478927597959489137e-01 -3.384300830052532350e-01 -6.758528559544046965e-01 2.063909537512208772e+03 2.000000000000000000e+00
2.123648084923105139e-01 -5.911354243682105380e-01 -8.488901794346014329e-01 -3.368708972093854559e-01 -6.761300887852532693e-01 2.063909588278097544e+03 2.000000000000000000e+00
2.120804816172914831e-01 -5.906466766507789679e-01 -8.517469895939979718e-01 -3.426171220130474482e-01 -6.731333036199711461e-01 2.063909560790603791e+03 2.000000000000000000e+00
2.124697046241877385e-01 -5.949758143632372098e-01 -8.469663991860162389e-01 -3.442050032609995092e-01 -6.665286227993373336e-01 2.063909558038063551e+03 2.000000000000000000e+00
2.124819720148812263e-01 -5.969352750194880652e-01 -8.427763104741418099e-01 -3.352695373068257378e-01 -6.781697646995457074e-01 2.063909601543638473e+03 2.000000000000000000e+00
2.121085496639102397e-01 -6.004819852530969282e-01 -8.495839668699620706e-01 -3.496102656391683050e-01 -6.733385479744676827e-01 2.063909527537220583e+03 2.000000000000000000e+00
2.123605608711247872e-01 -5.985380056526403703e-01 -8.492834854447884885e-01 -3.406392901466418488e-01 -6.684230014958393307e-01 2.063909572320803363e+03 2.000000000000000000e+00
2.123598408309361474e-01 -5.897251695068909116e-01 -8.496271670798775100e-01 -3.407835107136341635e-01 -6.716733620801730309e-01 2.063909559045700917e+03 2.000000000000000000e+00
2.121266369915489058e-01 -6.038456879347270378e-01 -8.444130271799138443e-01 -3.403037192907176212e-01 -6.755183912320291695e-01 2.063909534809955403e+03 2.000000000000000000e+00
2.119546291216978517e-01 -5.892446433613924839e-01 -8.425414522541763152e-01 -3.399111566245482940e-01 -6.801189140411929568e-01 2.063909591625716530e+03 2.000000000000000000e+00
