1.631270069785358601e+00 2.388838265462576160e+00 2.358587885617908775e+00 5.248449834678000414e+00 2.463277926844395616e+00 2.268295267021718701e+03 2.000000000000000000e+00
1.630963075025980036e+00 2.388841187195411386e+00 2.358605961491958780e+00 5.238909732862181201e+00 2.463278679503944524e+00 2.268295902735526397e+03 2.000000000000000000e+00
1.631278733810704873e+00 2.388839220978185018e+00 2.358606776329565946e+00 5.235408138761346919e+00 2.463279763644108389e+00 2.268296139363191287e+03 2.000000000000000000e+00
1.630977413230381590e+00 2.388839596751848759e+00 2.358605512240310453e+00 5.408058830054091715e+00 2.492341276285244600e+00 2.268287033202841485e+03 2.000000000000000000e+00
1.630877868419352783e+00 2.388839625833149682e+00 2.358605545797790359e+00 7.059404742305971148e+00 2.503205804019904779e+00 2.268273203538877169e+03 2.000000000000000000e+00
1.630971140908530792e+00 2.388839633102501026e+00 2.358605539086806147e+00 5.269272533275864312e+00 2.463279790317955076e+00 2.268293923245472797e+03 2.000000000000000000e+00
1.631259790977957147e+00 2.388840273777017131e+00 2.358606172686690261e+00 5.264058806842220051e+00 2.463278457290115853e+00 2.268294254445348088e+03 2.000000000000000000e+00
1.630967464700543434e+00 2.388839771473189266e+00 2.358607266358334176e+00 5.268944821411159829e+00 2.463278545089443661e+00 2.268293944130520231e+03 2.000000000000000000e+00
1.630985867531644873e+00 2.388839383340865208e+00 2.358607213924216239e+00 5.269084380024704473e+00 2.463278387292735960e+00 2.268293934343107139e+03 2.000000000000000000e+00
1.631397817269375494e+00 2.388835798698243806e+00 2.358605730971702563e+00 5.269077474642004155e+00 2.463277231748659535e+00 2.268293948307742539e+03 2.000000000000000000e+00
1.630828733948357145e+00 2.362110567957143470e+00 2.339060996019134642e+00 7.254805521695655735e+00 2.440201942672964641e+00 2.268273999648115023e+03 2.000000000000000000e+00
1.630820569442489099e+00 2.356010486242620772e+00 2.357911775869760529e+00 7.203822184019863961e+00 2.487159165529826854e+00 2.268273803141985809e+03 2.000000000000000000e+00
1.630839055197136567e+00 2.352093810405726515e+00 2.354865064304299871e+00 6.930778959585062182e+00 2.446100670085724627e+00 2.268272750333397653e+03 2.000000000000000000e+00
1.631191263355649124e+00 2.351416164684276389e+00 2.369946909133237245e+00 7.155494359505377489e+00 2.474481731577451882e+00 2.268273606789289261e+03 2.000000000000000000e+00
1.631178637256995856e+00 2.412643325736620881e+00 2.335334267425290378e+00 6.961374522123882969e+00 2.440735560938201765e+00 2.268272840895477202e+03 2.000000000000000000e+00
1.631179492289151378e+00 2.361692284183011914e+00 2.349074708304447867e+00 6.966616738540376552e+00 2.435354430835520834e+00 2.268272854323769479e+03 2.000000000000000000e+00
1.631199750432725359e+00 2.402873986587820809e+00 2.334678772807535108e+00 7.307577738480178553e+00 2.434480264768791979e+00 2.268274200208295497e+03 2.000000000000000000e+00
1.631168285043428590e+00 2.407600676888694835e+00 2.323394634752148580e+00 6.711578304748999635e+00 2.468797710017848424e+00 2.268272039090325052e+03 2.000000000000000000e+00
1.630839325657401417e+00 2.370650269791295006e+00 2.324976280140322427e+00 6.589330203550302301e+00 2.476494014609614158e+00 2.268271780644066894e+03 2.000000000000000000e+00
1.631156540421889289e+00 2.393026494141702987e+00 2.392770097175583643e+00 6.407913823557555233e+00 2.442481349785443623e+00 2.268271618838308768e+03 2.000000000000000000e+00
1.631151787344865989e+00 2.418065959612949012e+00 2.374124501680551003e+00 6.169409130088883586e+00 2.440004924496783634e+00 2.268272136047276035e+03 2.000000000000000000e+00
1.630838033277058896e+00 2.393353017713812481e+00 2.389879582007202963e+00 6.470891724202426865e+00 2.438406381463753103e+00 2.268271632385176872e+03 2.000000000000000000e+00
1.631161049208979863e+00 2.349261641582268023e+00 2.354634900690671273e+00 6.641368250180119226e+00 2.453521669374446823e+00 2.268271896319100961e+03 2.000000000000000000e+00
1.630858897430668808e+00 2.362507690290137408e+00 2.345203428456692052e+00 6.240608262310882282e+00 2.436063588276460745e+00 2.268271860580540306e+03 2.000000000000000000e+00
1.631174184272089267e+00 2.416430021262246264e+00 2.352389731975342180e+00 6.620970174591973567e+00 2.492484761308579877e+00 2.268271849159886187e+03 2.000000000000000000e+00
1.631152012535151297e+00 2.423927924650588484e+00 2.369213636514623911e+00 6.182311140210825506e+00 2.445950014563790464e+00 2.268272077620444179e+03 2.000000000000000000e+00
1.631151595717620584e+00 2.367021463468733877e+00 2.391759781899249759e+00 6.184431800640379784e+00 2.455991761426259412e+00 2.268272066266738875e+03 2.000000000000000000e+00
1.631156884236319327e+00 2.367103142564498164e+00 2.388470835999128905e+00 6.481765575287938397e+00 2.446537501350916521e+00 2.268271651100225426e+03 2.000000000000000000e+00
1.630832260129412514e+00 2.423925993177823202e+00 2.360092693718959023e+00 6.441631262020986348e+00 2.484387841208821168e+00 2.268271648006879786e+03 2.000000000000000000e+00
1.630840488093608487e+00 2.415998525934752283e+00 2.375198067628026877e+00 6.381731794261181534e+00 2.438603422258644571e+00 2.268271624230960697e+03 2.000000000000000000e+00
