8.931985471666753496e-02 1.816038698387975714e+00 1.902714234970573459e+00 3.141117330298400567e+00 2.012527519106582563e+00 1.959951018284667953e+03 2.000000000000000000e+00
8.934664221075509782e-02 1.816041033971267815e+00 1.902682080013629928e+00 3.141032176703195677e+00 2.012527714045956095e+00 1.959951022353846383e+03 2.000000000000000000e+00
8.936163528657140032e-02 1.816043579816875697e+00 1.902681782136330879e+00 3.141154278273636802e+00 2.012527657679139104e+00 1.959951019590260785e+03 2.000000000000000000e+00
8.938102649666979094e-02 1.816039967297780944e+00 1.902681519336391291e+00 3.141133972461111590e+00 2.012527530771238027e+00 1.959951019040936671e+03 2.000000000000000000e+00
8.935186003145594025e-02 1.816041097709359953e+00 1.902681981425924818e+00 3.141124213708219592e+00 2.012526841242451070e+00 1.959951018293362495e+03 2.000000000000000000e+00
8.935505222157034966e-02 1.816036056032002133e+00 1.902659685804344081e+00 3.141096523605383162e+00 2.012525864568915690e+00 1.959951018482694053e+03 2.000000000000000000e+00
8.933045041803507058e-02 1.816050476232837996e+00 1.902685893675011508e+00 3.141118994980357293e+00 2.012521975967512589e+00 1.959951018088533601e+03 2.000000000000000000e+00
8.932899329863128179e-02 1.816037710538059624e+00 1.902662511248960797e+00 3.141125009582198313e+00 2.012540845281487467e+00 1.959951018295063022e+03 2.000000000000000000e+00
8.929196915564276138e-02 1.816040747130675204e+00 1.902706868698131437e+00 3.141169098815047356e+00 2.012527676120009268e+00 1.959951020666336035e+03 2.000000000000000000e+00
8.932469946359426760e-02 1.816037680920563169e+00 1.902682484115774342e+00 3.141089621760707828e+00 2.012526298620892717e+00 1.959951018322865821e+03 2.000000000000000000e+00
8.935294715416197686e-02 1.816041169700387314e+00 1.902689461676036808e+00 3.141059533387143610e+00 2.012539510301579515e+00 1.959951020036585760e+03 2.000000000000000000e+00
8.945467713610188998e-02 1.816012686797092934e+00 1.902681411336751172e+00 3.141130541940668763e+00 2.012527537220826446e+00 1.959951021917420803e+03 2.000000000000000000e+00
8.931162779545293029e-02 1.816032587156975353e+00 1.902700062798541314e+00 3.141073679245758754e+00 2.012526904657431448e+00 1.959951019078144327e+03 2.000000000000000000e+00
8.939862612670637643e-02 1.816041814243799957e+00 1.902681488459920356e+00 3.141097785237087159e+00 2.012526511613021540e+00 1.959951019261124202e+03 2.000000000000000000e+00
8.928468955632752613e-02 1.816055714183751668e+00 1.902652682042903720e+00 3.141139814242334793e+00 2.012580086120882683e+00 1.959951019858563086e+03 2.000000000000000000e+00
8.932069476225304450e-02 1.816051293022385549e+00 1.902740878375217770e+00 3.141079410718091935e+00 2.012538499989560137e+00 1.959951019551683657e+03 2.000000000000000000e+00
8.928148535298077726e-02 1.816036656534803839e+00 1.902698706403256779e+00 3.141083430204080873e+00 2.012531334210148515e+00 1.959951018947218017e+03 2.000000000000000000e+00
8.935106108245680079e-02 1.816034684639184604e+00 1.902674310566760729e+00 3.141115761290423691e+00 2.012527424629842798e+00 1.959951018207012567e+03 2.000000000000000000e+00
8.942979859275851373e-02 1.815995011786668556e+00 1.902683045456992739e+00 3.141091050343653990e+00 2.012527625481740134e+00 1.959951021033680945e+03 2.000000000000000000e+00
8.938311653185795902e-02 1.816049078142545348e+00 1.902681139644505137e+00 3.141142894505960736e+00 2.012519985923191257e+00 1.959951019450419835e+03 2.000000000000000000e+00
8.944657759745150427e-02 1.816056859476333551e+00 1.902656667734661022e+00 3.141082871267129484e+00 2.012522879262166331e+00 1.959951021791594258e+03 2.000000000000000000e+00
8.930300034373889195e-02 1.816043455083886649e+00 1.902681355121780937e+00 3.141093961357286801e+00 2.012543683075508572e+00 1.959951018353908239e+03 2.000000000000000000e+00
8.926394659255043607e-02 1.816087973171133907e+00 1.902669095596098758e+00 3.141094554522447790e+00 2.012524569356366033e+00 1.959951019383249786e+03 2.000000000000000000e+00
8.934336098740303100e-02 1.816043361761602526e+00 1.902681237959383154e+00 3.141087737021401427e+00 2.012534039320029056e+00 1.959951018465673314e+03 2.000000000000000000e+00
8.931472015106772799e-02 1.816043861545524329e+00 1.902682342600615417e+00 3.141151248847867006e+00 2.012498308522224111e+00 1.959951019369780624e+03 2.000000000000000000e+00
8.925396724389013381e-02 1.816048633499820042e+00 1.902662327648264151e+00 3.141177472904963963e+00 2.012515931036146011e+00 1.959951022142099191e+03 2.000000000000000000e+00
8.928606863728787146e-02 1.816061911481679392e+00 1.902682370055546190e+00 3.141126593584573357e+00 2.012573920936617800e+00 1.959951019105351861e+03 2.000000000000000000e+00
8.930826171593783669e-02 1.816044815513500943e+00 1.902644109265013928e+00 3.141087700818482986e+00 2.012494841592340045e+00 1.959951019059769806e+03 2.000000000000000000e+00
8.932572111290514039e-02 1.816042202754145407e+00 1.902682135583487089e+00 3.141132235691853403e+00 2.012524204921308790e+00 1.959951018324127745e+03 2.000000000000000000e+00
8.928429910310566042e-02 1.816043831913753070e+00 1.902657407258650846e+00 3.141089816922006062e+00 2.012502326374007389e+00 1.959951018936463242e+03 2.000000000000000000e+00
