-3.763907419031384260e-01 -1.308806517058721253e-01 -9.412081814728268103e-02 -7.594579683352453703e-02 -1.487411324172648874e-01 1.498428990420786366e+00 1.583533459180590963e+00 1.384259193143157596e+00 1.492517574574971917e+00 1.941451329878132356e+03 2.000000000000000000e+00
-3.767214606764577312e-01 -1.297575263161643566e-01 -9.350860014281123234e-02 -7.033025408316379012e-02 -1.484465839894779926e-01 1.497058408229889448e+00 1.582902331733181622e+00 1.377278891397907046e+00 1.492181954232062679e+00 1.941451361016927876e+03 2.000000000000000000e+00
-3.764837352930501813e-01 -1.278228288726282746e-01 -9.358212269830025465e-02 -7.284501825168744615e-02 -1.486209656974377125e-01 1.494533468141007848e+00 1.582883981380757143e+00 1.380395594463946551e+00 1.492375847140957834e+00 1.941451308439340892e+03 2.000000000000000000e+00
-3.763592120063668500e-01 -1.295587320569178691e-01 -9.327656436185509381e-02 -7.139575631459560423e-02 -1.469465533999318174e-01 1.496731045738832089e+00 1.582435512106737052e+00 1.378573855474232612e+00 1.490217156309778135e+00 1.941451343498986262e+03 2.000000000000000000e+00
-3.766756210444097697e-01 -1.295404881855098389e-01 -9.314610786087867966e-02 -7.070692557307539650e-02 -1.476629642403682052e-01 1.496763775735721502e+00 1.582404701094163091e+00 1.377740233529489489e+00 1.491168084291904394e+00 1.941451347600622512e+03 2.000000000000000000e+00
-3.763621657533689491e-01 -1.299172919649198288e-01 -9.389514808978759175e-02 -7.263947776014417768e-02 -1.508597645187279290e-01 1.497190501470611501e+00 1.583231270414642289e+00 1.380126925476389488e+00 1.495227393010874373e+00 1.941451325547305942e+03 2.000000000000000000e+00
-4.368641073580161738e-01 -2.854561584255675299e+00 -9.360542663349090409e-02 -7.340485354902294424e-02 -2.800706341614406458e+00 6.046819095221686702e+00 1.582857479563021252e+00 1.381082174859235456e+00 5.843958105837614880e+00 1.928890050842830533e+03 2.000000000000000000e+00
-3.763516013916719527e-01 -1.300546324595221737e-01 -9.345394167097126337e-02 -7.048831527319990298e-02 -1.485356404130885877e-01 1.497364930880155987e+00 1.582660763224375877e+00 1.377440660568068687e+00 1.492250664576336261e+00 1.941451357069122878e+03 2.000000000000000000e+00
-4.124777788866337835e-01 -2.852799595022477597e+00 -9.362030344598130938e-02 -7.338195298025988744e-02 -1.486440088155391026e-01 6.043025544111134018e+00 1.582850521203993166e+00 1.381049964340518521e+00 1.492385322750381382e+00 1.933943739837776320e+03 2.000000000000000000e+00
-3.764901868881521674e-01 -1.297187736015809056e-01 -9.323983848068632951e-02 -7.104146712563294552e-02 -1.471498299847735780e-01 1.496962208478099132e+00 1.582447663547192240e+00 1.378144449560673390e+00 1.490493477899687447e+00 1.941451343523382093e+03 2.000000000000000000e+00
-4.367677941122664054e-01 -2.854284128778690643e+00 -9.268823263801356793e-02 -7.135262216196899820e-02 -2.803032992527904721e+00 6.046242252684057128e+00 1.581614687508965611e+00 1.378510494963012478e+00 5.848723126943400352e+00 1.928890041281181766e+03 2.000000000000000000e+00
-4.367721337357727274e-01 -2.852897357252443200e+00 -9.360637787911577079e-02 -7.344036913443259540e-02 -2.803092531864189052e+00 6.043315144549639584e+00 1.582797312269569989e+00 1.381117833769076597e+00 5.848847130170812925e+00 1.928890032143593999e+03 2.000000000000000000e+00
-4.370388381197448102e-01 -2.854865407438304192e+00 -9.342336880648717534e-02 -7.222260450001796728e-02 -2.801298425506584255e+00 6.047881601836987642e+00 1.582768473836649203e+00 1.379633664414250172e+00 5.845178933023007950e+00 1.928890033803472761e+03 2.000000000000000000e+00
-4.371936179902433661e-01 -2.854519160067880534e+00 -9.402860994307701836e-02 -7.098613372092632545e-02 -2.802793039994142976e+00 6.046358939697996426e+00 1.583657064758067445e+00 1.378110150858929517e+00 5.848247193537322808e+00 1.928890046464937768e+03 2.000000000000000000e+00
-4.371924438731233375e-01 -2.853470082049001544e+00 -9.361960049488116109e-02 -7.184311672524490433e-02 -2.803378249315343851e+00 6.044212791341351476e+00 1.583131718824773326e+00 1.379180223519202109e+00 5.849446788554513610e+00 1.928890046167310174e+03 2.000000000000000000e+00
-4.372116962216938685e-01 -2.855927277919938057e+00 -9.346159927446540117e-02 -7.313233288667102261e-02 -2.801881224180369667e+00 6.049595248115141821e+00 1.582945277906959936e+00 1.380792888814686536e+00 5.846379401191999392e+00 1.928890042396804802e+03 2.000000000000000000e+00
-4.371100929703237714e-01 -2.853561048680396617e+00 -9.376552107143121262e-02 -7.281472248737416719e-02 -2.801121838122806462e+00 6.045038799694954612e+00 1.583262157012743643e+00 1.380382803544312198e+00 5.844819985565632869e+00 1.928890035524484801e+03 2.000000000000000000e+00
-4.367824790336877205e-01 -2.854240905729673372e+00 -9.355578866418590156e-02 -7.282989076805862494e-02 -2.800898149196353604e+00 6.046191112407724333e+00 1.582740394578566079e+00 1.380356852640319154e+00 5.844348270278130641e+00 1.928890040912689074e+03 2.000000000000000000e+00
-4.367820906986798479e-01 -2.854863366880277642e+00 -9.427169786043360089e-02 -7.417816819441395981e-02 -2.801069368713469121e+00 6.047556077591042190e+00 1.583660144609710496e+00 1.382040685879879938e+00 5.844699417014519227e+00 1.928890040046302374e+03 2.000000000000000000e+00
-4.370019871337456618e-01 -2.854946959638498871e+00 -9.345142540513975971e-02 -7.096283408806126902e-02 -2.802219924076921220e+00 6.046933880364954383e+00 1.582767607235394447e+00 1.378055176845190521e+00 5.847065374666605919e+00 1.928890047034442887e+03 2.000000000000000000e+00
-4.367685938575693871e-01 -2.853313912207017022e+00 -9.332279597014220274e-02 -7.526485328741665259e-02 -2.802890067678751151e+00 6.044127257864155389e+00 1.582429940374234345e+00 1.383396331452156680e+00 5.848431784645582887e+00 1.928890035621084735e+03 2.000000000000000000e+00
-4.367692202607496021e-01 -2.854646040483335589e+00 -9.330889726731278477e-02 -7.330084198133295093e-02 -2.800899544474490632e+00 6.046942649471801268e+00 1.582412220897390087e+00 1.380943098229196364e+00 5.844350206445032114e+00 1.928890038143659922e+03 2.000000000000000000e+00
-4.367690509420977807e-01 -2.854320206091650380e+00 -9.371504036682101746e-02 -7.604268856926746367e-02 -2.803208433435863789e+00 6.046015671206741438e+00 1.582932141990668118e+00 1.384368004233156979e+00 5.849085302583477919e+00 1.928890052167413614e+03 2.000000000000000000e+00
-4.372074294101730985e-01 -2.853529350807951115e+00 -9.333607841451943554e-02 -7.499946812041248523e-02 -2.803538505366505174e+00 6.044510426297619254e+00 1.582780190691976063e+00 1.383124413950469256e+00 5.849775884657518965e+00 1.928890038361367942e+03 2.000000000000000000e+00
-4.367642075306831795e-01 -2.854921013160687249e+00 -9.373576740066634494e-02 -7.137785139670335677e-02 -2.803281995936073301e+00 6.047399426291474533e+00 1.582940686456090651e+00 1.378541452924772370e+00 5.849340211920907251e+00 1.928890040186527585e+03 2.000000000000000000e+00
-4.371922067279827573e-01 -2.852882680672270688e+00 -9.319253603794881713e-02 -7.335968403251413861e-02 -2.802703562397832027e+00 6.043013876947592955e+00 1.582583355332291219e+00 1.381074144727882036e+00 5.848078407931325273e+00 1.928890038879919302e+03 2.000000000000000000e+00
-4.369814544155801728e-01 -2.854153593159995950e+00 -9.424750554844699146e-02 -7.487228176051649586e-02 -2.803722002015764936e+00 6.045422670181300973e+00 1.583775964716287898e+00 1.382934479591106491e+00 5.850144016320641960e+00 1.928890025030933430e+03 2.000000000000000000e+00
-4.371315510300435858e-01 -2.853995201106216406e+00 -9.344575744973579456e-02 -7.325073991226975501e-02 -2.800928809680810705e+00 6.045892352669635095e+00 1.582867180750142655e+00 1.380930218455291625e+00 5.844424762973164711e+00 1.928890031941517009e+03 2.000000000000000000e+00
-4.371978188910904950e-01 -2.854799218759755952e+00 -9.394257881695528001e-02 -7.092319134049809848e-02 -2.802702750333842197e+00 6.047014196005697784e+00 1.583550478622936186e+00 1.378032309609940276e+00 5.848057749548789097e+00 1.928890051308887450e+03 2.000000000000000000e+00
-4.367784335368081194e-01 -2.852888028850674829e+00 -9.349963928308395456e-02 -7.375285969821383791e-02 -2.802905614373229604e+00 6.043349100985601297e+00 1.582665617199415786e+00 1.381509100942526658e+00 5.848463617516512336e+00 1.928890025679181690e+03 2.000000000000000000e+00
