6.049856265151856149e-01 3.312132695503978153e-01 3.434517491597624539e-01 1.078120384220204064e+00 2.017505387829517938e-01 2.258933318013974123e+00 2.454316001549555981e+00 8.941642525005510933e+00 3.144568793618666813e+00 2.063108611771781398e+03 2.000000000000000000e+00
8.112410670990329864e-01 3.389588642663862728e-01 5.355016056580049089e+00 1.078024926513204251e+00 -1.534558059237661198e-01 2.245986795003082737e+00 8.169201920068974943e+00 9.009459792472062745e+00 9.459729421647184111e+00 2.104359246829738368e+03 2.000000000000000000e+00
6.048209442146078585e-01 3.312020938820890437e-01 3.434450411774203626e-01 1.078232114866231051e+00 2.017482401414060766e-01 2.258941990717083126e+00 2.454320094951116804e+00 8.868301729501329334e+00 3.144572616435119095e+00 2.063112977853842040e+03 2.000000000000000000e+00
6.054006468531596408e-01 3.312177061869615580e-01 3.434552705481562218e-01 1.078119167745300366e+00 2.017514912620806400e-01 2.258936804280316402e+00 2.454318320034011958e+00 8.941517603985683849e+00 3.144569243808954528e+00 2.063108626383503179e+03 2.000000000000000000e+00
6.049059866219060888e-01 3.312124002058344230e-01 3.434510345802586073e-01 1.078121087554549051e+00 2.017503463487062276e-01 2.258932676628099490e+00 2.454315561387383049e+00 8.941360003871276163e+00 3.144568705806609188e+00 2.063108634363112742e+03 2.000000000000000000e+00
8.660589813304212514e-01 3.312157903941323478e-01 3.434536978063048029e-01 1.079261682536301947e+00 5.263215660771178861e+00 2.258935346366379271e+00 2.454317334468076872e+00 8.360786220050243855e+00 1.270696740764922694e+01 2.115235923159141748e+03 2.000000000000000000e+00
6.048724488692230894e-01 3.312120431661381703e-01 3.434507397522694738e-01 1.078120932530711951e+00 2.017502599970107113e-01 2.258932408656710855e+00 2.454315386948324740e+00 8.941521194756520075e+00 3.144568679593011673e+00 2.063108628623669574e+03 2.000000000000000000e+00
6.049430976389414960e-01 3.312128237964592214e-01 3.434513444366054657e-01 1.078120763832816964e+00 2.017504371280004205e-01 2.258932954216350097e+00 2.454315800437286477e+00 8.941489053565787160e+00 3.144568739507199062e+00 2.063108623667540087e+03 2.000000000000000000e+00
6.049348207537509348e-01 3.312127282794349314e-01 3.434512974135615071e-01 1.078120719260102556e+00 2.017504288661605416e-01 2.258932881028965500e+00 2.454315722448179304e+00 8.941540977675840551e+00 3.144568736710949164e+00 2.063108621392682380e+03 2.000000000000000000e+00
6.053778130400279123e-01 3.312174468599061727e-01 3.434550688826065179e-01 1.078119321167888112e+00 2.017514615431543201e-01 2.258936599966511860e+00 2.454318184779304968e+00 8.941438282882236521e+00 3.144569180535091490e+00 2.063108628710998346e+03 2.000000000000000000e+00
6.049059322044878506e-01 3.312124729086905472e-01 3.434510201735884727e-01 1.078120626097778256e+00 2.017552914455412183e-01 2.258932574355423384e+00 2.454315598109405805e+00 8.941667912320333755e+00 3.144552605560222425e+00 2.063108616770992739e+03 2.000000000000000000e+00
6.053579021466267696e-01 3.301576381032338414e-01 3.433510098291717161e-01 1.077892403202652227e+00 2.047216891996424537e-01 2.260717776588760497e+00 2.454519008014476533e+00 9.111452542586661707e+00 3.134933929394338126e+00 2.063099856258603722e+03 2.000000000000000000e+00
6.048779634354377599e-01 3.310582815911847776e-01 3.438649503284444964e-01 1.078029639145263729e+00 1.997884308501597928e-01 2.259191219006269957e+00 2.453519154445648276e+00 9.006471337835417756e+00 3.150972922240265373e+00 2.063105099836567206e+03 2.000000000000000000e+00
6.053612484201638111e-01 3.318163469140002486e-01 3.443729096216858743e-01 1.077909414464909288e+00 2.045350877231185138e-01 2.257931996625815785e+00 2.452553810537274170e+00 9.097640794025144473e+00 3.135537112571383123e+00 2.063100511256186110e+03 2.000000000000000000e+00
6.047920217100011264e-01 3.311538744090347097e-01 3.418310862992324228e-01 1.077633103112919599e+00 2.057239469600328219e-01 2.259030397648376987e+00 2.457435431519287228e+00 9.351195244356150127e+00 3.131694446101348284e+00 2.063089725009143876e+03 2.000000000000000000e+00
6.048941538270938834e-01 3.312376009950548372e-01 3.442318569425293906e-01 1.078095029873185062e+00 2.024723000589213062e-01 2.258890179367463613e+00 2.452813837907215966e+00 8.959496226724088075e+00 3.142219980781682853e+00 2.063107623542089641e+03 2.000000000000000000e+00
6.053572568977051427e-01 3.288220015122860218e-01 3.412943825746815318e-01 1.077880002759524780e+00 2.021604892765100081e-01 2.262964747682063571e+00 2.458482192560343282e+00 9.121623751097484245e+00 3.143238226795272983e+00 2.063099316863465901e+03 2.000000000000000000e+00
6.047719898089101154e-01 3.289960306463544093e-01 3.427926989172287442e-01 1.077581693193296442e+00 1.977383804791991717e-01 2.262657801458935136e+00 2.455582195673679635e+00 9.406081586565356645e+00 3.157699155233943511e+00 2.063087725938054518e+03 2.000000000000000000e+00
6.047582441703780454e-01 3.340876505367560978e-01 3.400664486541655762e-01 1.077508943071913583e+00 2.001896829981510972e-01 2.254111896618897326e+00 2.460841938594631628e+00 9.489223919343421798e+00 3.149660346365951380e+00 2.063084789944951808e+03 2.000000000000000000e+00
6.053042705719099414e-01 3.300400326558881603e-01 3.437754718651058194e-01 1.077518773666601204e+00 1.971713619797110517e-01 2.260915971241316491e+00 2.453702829068026059e+00 9.475420815953919274e+00 3.159570824449778215e+00 2.063085371500220845e+03 2.000000000000000000e+00
6.052874108839737533e-01 3.298858144740804965e-01 3.446936032171423192e-01 1.077449331985783632e+00 2.062057467482210638e-01 2.261175196473574456e+00 2.451938004604336196e+00 9.560563562648042080e+00 3.130146569963667691e+00 2.063082640630679634e+03 2.000000000000000000e+00
6.052789003442163862e-01 3.284592324065577218e-01 3.469103320270181534e-01 1.077366877791540167e+00 1.992102225640772495e-01 2.263576176417720909e+00 2.447686362198004062e+00 9.671996421584834636e+00 3.152871223111020083e+00 2.063079346811793130e+03 2.000000000000000000e+00
6.052648153690496358e-01 3.260893749649024231e-01 3.433395325102569506e-01 1.077300625776256293e+00 2.042178358588228604e-01 2.267572661042823956e+00 2.454541586847380330e+00 9.771584775664232225e+00 3.136563517781274957e+00 2.063076763472668517e+03 2.000000000000000000e+00
6.052904225944579775e-01 3.307738349106066900e-01 3.402924490980529515e-01 1.077458410288827828e+00 2.052889181972722410e-01 2.259682753139152123e+00 2.460417304143048156e+00 9.549020275208432551e+00 3.133102143892394054e+00 2.063082957054146391e+03 2.000000000000000000e+00
6.052880703682059771e-01 3.330520545065652760e-01 3.430982555396592804e-01 1.077435786957138264e+00 1.970637592904785351e-01 2.255860455676339082e+00 2.455005898340686166e+00 9.578024290730484225e+00 3.159925329998595434e+00 2.063082143414163966e+03 2.000000000000000000e+00
6.046720725264411733e-01 3.347037843131897561e-01 3.407921156402561325e-01 1.077155240869433817e+00 2.050919266052506906e-01 2.253080561626747080e+00 2.459439653771915868e+00 1.003633657155135239e+01 3.133733231316977452e+00 2.063071024338350981e+03 2.000000000000000000e+00
6.052467255747820962e-01 3.338760065097263197e-01 3.408524275617356714e-01 1.077146491349740609e+00 1.975823353358069634e-01 2.254480873866524071e+00 2.459336000545532919e+00 1.005053895005311659e+01 3.158217709229842463e+00 2.063070811930962009e+03 2.000000000000000000e+00
6.052556626740843715e-01 3.319021636954310739e-01 3.427794588208482041e-01 1.077188268721178233e+00 1.963696476312406236e-01 2.257788932646764390e+00 2.455620042717687745e+00 9.966889515921337761e+00 3.162215000729541536e+00 2.063072518700068031e+03 2.000000000000000000e+00
6.052388996449624692e-01 3.351152406174772169e-01 3.438092701905311466e-01 1.077115138805428751e+00 2.058838192387913157e-01 2.252407560883041171e+00 2.453638115340996073e+00 1.011824493353514676e+01 3.131183683616284075e+00 2.063069569975335071e+03 2.000000000000000000e+00
6.047060361045319965e-01 3.365563795923578461e-01 3.415954835674132606e-01 1.077285396329904721e+00 2.010769343495172889e-01 2.249985303861610220e+00 2.457889370807149643e+00 9.798915035746270874e+00 3.146763004024429211e+00 2.063076056755138325e+03 2.000000000000000000e+00
