-3.205227252757694156e-01 6.122227174215041146e+01 -3.159596817971341665e+01 4.105786833754964249e+01 3.599431544684359352e+01 1.806530189118137386e+01 1.108787367380396738e+01 2.896902880709265204e+01 3.216096220670986217e+00 2.647687008299792666e+01 -5.121715586796319108e+00 2.396621955315757901e+01 -3.613750792029054804e+00 4.762405767621681330e-01 6.698130655322414896e+03 2.000000000000000000e+00
-8.186245983746135435e-01 1.778023393949456299e+00 -8.519936903940924822e+01 -2.822238585587005133e+00 2.116609542860607007e+01 -3.973783009317410908e+00 -5.182126547187650090e+00 6.062818034073271356e+00 5.474556075407887690e+00 -3.887565843095229923e+01 -9.789053714568407116e+00 9.504984166643777321e-01 2.432957802723992202e+00 9.247165868795967913e-01 6.331251794341018467e+03 2.000000000000000000e+00
-6.757266980053902028e-01 3.077225986648477019e+01 -3.126217017670382958e+01 -4.117520693592061853e+00 -7.568610980526901955e-01 -4.963697057769132392e+00 -2.180410986101340765e+00 4.978436870391773184e+00 4.251287169305074443e+00 -3.909938460861535958e+01 -1.838449194511984786e+01 -2.276689942767676200e+01 3.803891474033538600e+01 1.080381318049345563e+00 6.445128487358145321e+03 2.000000000000000000e+00
-7.866623650663091549e-01 -1.513774079098365277e+01 1.584615702933755976e+01 -2.644122965722962348e+00 9.328867514799217275e+00 7.299866798629722764e-01 -9.033468982560133753e+00 1.054383916696900592e+01 5.910051819426087150e+00 -5.758100445607743784e-02 -5.742754664069436465e+00 -1.267161661852685484e+01 1.813599378773159465e+00 9.577917956132065980e-01 6.363512122977013860e+03 2.000000000000000000e+00
-8.425189115161239028e-01 -1.455293330178396616e+01 9.990400054290198284e+00 -2.649149302716274690e+00 2.758717461329087683e+01 -3.777999568801739816e+00 -5.584401779696968937e+00 6.208908707715375286e+00 7.414681928281315670e+00 -7.596866663978262046e+00 1.082714930166041079e+01 1.092117006614338415e+00 1.940761964575296705e+00 9.270527278610662947e-01 6.317890011151701401e+03 2.000000000000000000e+00
-4.193432647714993022e-01 -1.900482018777415050e+01 5.508457625457258189e+01 1.193212141638065482e+01 -2.646903983197404742e+01 -5.911282382295064863e+00 1.352601410869890763e+01 4.776271444202480509e+00 3.670563310048245320e+00 -3.025976964859417695e+00 5.930727933587656153e-01 -2.412011497839168517e-01 8.565281930447758540e+00 5.669062070819629318e-01 6.629833212727493446e+03 2.000000000000000000e+00
-7.655613784662261834e-01 1.253695462628227020e+01 1.630362441131797624e+00 1.115735195113145828e+01 -4.625566869504686096e+00 1.186059760679154707e+01 -3.186590052367043402e+00 2.184926702371881646e+01 6.607779258887045870e+00 -5.856976202432939704e-01 -2.205190492955428017e+00 1.678251288202760350e+01 1.420985259367252596e+01 7.330164466529632827e-01 6.360920245246075865e+03 2.000000000000000000e+00
-8.430679214430804036e-01 -7.660694130692915493e+00 3.196444444325581280e+00 -2.643946131809226330e+00 4.516032548751325315e+00 -3.683787598969715305e+00 -5.639464077913945772e+00 6.288757513199070281e+00 1.110259432832264892e+01 -3.226272788215823528e+00 -3.044647689686360792e+00 1.148552470475414422e+00 1.925986258794464057e+00 9.257473472476458465e-01 6.317580499624836193e+03 2.000000000000000000e+00
-3.447448911234988755e-01 -7.666213999851076721e+01 -4.611566853895556051e+01 9.181728621503505394e+01 4.391819003057772619e+01 3.710292823060057543e+01 5.195950213031244402e+01 4.795343058976558837e+01 3.313918288532200496e+00 -7.059369540796192055e-01 -1.173049228442574510e+01 4.298440320190579200e+01 7.842466514699196090e+00 5.212799624815435129e-01 6.683644374107299882e+03 2.000000000000000000e+00
-2.517673682609934960e-01 -4.476047412295405081e+01 1.963648322118473999e+01 5.154378767731248701e+01 -3.263982554435642669e+01 4.101382430033634563e+00 1.066720097047461735e+01 1.455695519477010969e+01 2.984257459366935983e+00 -4.069878070709599172e+01 -7.012469463246031154e+00 -3.214112951627262049e+01 -2.123634354743568764e+01 4.747024560132310778e-01 6.759456656681204549e+03 2.000000000000000000e+00
3.524111954058589680e-02 4.750579226004563793e+01 2.203677921833079623e+01 4.764303302257830097e+01 2.104795920480823668e+01 -4.901388529455804388e+00 4.654929644788415999e+01 5.860058193527985182e+00 2.453691264966909369e+00 3.999569108340698165e+01 -1.172664749910291349e+00 8.811204237664977956e-01 -5.125936749670180603e+01 4.244458787168950664e+01 7.029257780334143717e+03 2.000000000000000000e+00
-2.839092903818635216e-01 3.743147881511131203e+01 7.776713514951328676e+00 3.846325822443670006e+01 4.702784889338607144e+01 -1.419720122318348932e-01 3.628406695884161337e+01 1.442060537356801930e+01 2.752533961522883210e+00 4.395836937452160953e+01 -3.068983529689243372e+00 -1.331933156691359521e+01 -9.395171578214288610e-01 -4.520504167694782360e+00 6.771821713090768753e+03 2.000000000000000000e+00
-3.584499839593204840e-01 1.467714189938648950e+01 3.656012591665761313e+00 2.801896302711273989e+01 9.593292675049253759e+00 -6.526102088707597559e+00 2.245728775014482537e+01 4.248603584184912130e+00 3.750139077236777307e+00 2.207016848551991828e+01 -2.482832435109193270e+01 -7.766504963530069805e-01 -1.786375630801120051e+00 4.939425330490966326e-01 6.667420824130816072e+03 2.000000000000000000e+00
-7.070457992352552345e-01 8.183351015306175924e+00 1.555323748518701521e+01 6.869447341915891236e+00 -7.952445583181737554e-01 9.685899692224520408e+00 -5.322348685568943694e+00 1.949152840776495310e+01 8.164635235896273713e+00 -1.744327101410229730e+00 -2.181036338702271871e-01 -2.043763141773631986e+01 1.863503167933721016e+01 -8.436375061970593503e-01 6.415485303387940803e+03 2.000000000000000000e+00
-7.674837926062032523e-01 -1.629047202553670104e+01 2.063979842960038269e+01 -2.466620605285128054e+00 1.082777441473938396e+01 -3.930020775698436442e+00 -4.534643729454721495e+00 5.872732016259715415e+00 5.595132590594255717e+00 -2.444002892185887177e+01 1.165864331085459327e+01 -3.816132582511741589e+01 1.524663590983767580e+00 8.830272447056418672e-01 6.384903814117105867e+03 2.000000000000000000e+00
-6.644093684394386523e-01 -1.116538934253454407e+01 3.309955962984415834e+01 3.803275694683234320e+01 -4.947448958194281943e+01 2.162602813679316061e+00 -1.105197566717798807e+01 1.192674952600059335e+01 7.386324867262678673e+00 -3.148417413370714901e-01 -7.005856399456805050e+00 -2.832375424115427975e+01 -3.863952932727837464e+01 6.727873724853314918e-01 6.440520837297212893e+03 2.000000000000000000e+00
-7.854293934590227400e-01 1.178339922669952422e+01 -1.598744030083258849e+01 1.687631535852305120e+01 4.523278959102793095e+01 6.633616682233842710e+00 -1.598137811048375667e+01 1.661377971995433711e+01 8.759397348647132375e+00 -4.854192885679140979e+00 1.501046136043341939e+01 1.149970196713004356e+01 -1.786394480280168295e+01 7.755880856589121297e-01 6.352919899306831212e+03 2.000000000000000000e+00
-3.392821364257920802e-01 -5.822556450569764230e+00 6.432139123708086714e+00 -1.793264262496558104e+01 1.543002887732196982e+01 6.046376570961951025e+00 -2.620681550736520649e+01 1.686718143925396873e+01 3.062098197834507651e+00 -7.957800034870319283e-01 -5.046112329423904974e+00 -9.616530224377648040e+00 7.141952230016029191e+00 6.835691183735836951e+00 6.675946801644626248e+03 2.000000000000000000e+00
-3.695039960833569892e-01 1.833361552830914620e+00 -1.015832744887425809e+00 -6.964486755591709155e+00 4.056760379381147175e+01 -5.766571437475238149e+00 -1.261120507476421793e+01 6.349082558120239028e+00 3.071370781089837187e+00 -7.992702912265930992e-01 -5.753077137510255845e+00 4.434343464535753787e-01 2.002144473742331598e+01 -4.872129883600550926e+01 6.654630724078195271e+03 2.000000000000000000e+00
-8.543703904393841198e-01 -2.606025048182765147e+01 2.766515478672411277e+01 -2.603039700857547434e+00 2.038130372107841737e+01 -3.881500181467389954e+00 -4.678834267552367088e+00 6.120594737518678663e+00 5.764856265815857306e+00 -1.039188603483269357e+00 -3.708036083667642036e+00 8.328842555016355842e-01 1.769988658605070819e+00 9.503347798004344593e-01 6.310379765442062308e+03 2.000000000000000000e+00
-2.508531469288620697e-01 2.946035722716506200e+01 -8.043123088353066663e+00 1.468714464657364793e+01 4.266795888497759393e+01 7.170836723454580230e+00 -2.434090386688907870e+01 2.195930972697371075e+01 2.678851986530487395e+00 2.014564595027439964e+01 -3.486253445466585887e+00 -4.665640780159048262e+00 -5.646754140630244612e-01 -4.501254244413367189e+00 6.787029016211055023e+03 2.000000000000000000e+00
-2.910533454151626453e-01 5.695994044313927418e+01 -5.984628628884874679e+00 -2.099200843080117007e+00 -8.836851864814092572e-01 1.704608542733424059e+01 2.519382410400568517e+01 2.664176780702007008e+01 3.626639015874854710e+00 -2.425945327854068267e+01 -1.856446969494522392e+01 -2.390548193450575809e+01 5.370219600274801763e+01 2.027736750417585831e+00 6.755380790563578557e+03 2.000000000000000000e+00
-4.194143976607230262e-01 -6.501971920774656688e+00 1.582996086363148436e+01 1.399216359638460538e+01 1.740758731139738202e+01 -5.980494972727356640e+00 1.559295069606380402e+01 4.703491451181780469e+00 3.694180917376692630e+00 1.871615900716772973e+00 -6.118414973232505716e+00 -3.154853429375804597e-01 8.604915479671042533e+00 5.669659835847590257e-01 6.629904073130108372e+03 2.000000000000000000e+00
-3.705478180906061070e-01 -2.072074853215758239e+00 -1.823535369862960609e+00 7.616170114486815912e+00 3.782584612809398728e+00 4.170961082629473182e+00 8.642688767860990939e-01 1.485922025448333628e+01 3.401460401154673185e+00 1.148539165778714910e+01 9.569844996808738458e-01 9.702457449362869468e+00 8.302306383884705099e+00 6.060829769694153768e-01 6.665953408162929918e+03 2.000000000000000000e+00
-4.250789427277632537e-01 7.866783107738759107e+00 -7.010743302782328712e+00 -6.962176012701751127e+00 1.902929294462181886e+01 -7.435961215024408766e+00 -2.471483161118591010e+00 4.099355220208619421e+00 3.837155006436216098e+00 -7.487297089716468124e-01 -5.887590411336398155e+00 -1.627712662208278926e+00 5.951324502190334931e-01 -5.224666224714801466e+00 6.620249556179265710e+03 2.000000000000000000e+00
-6.587162815101684776e-01 -1.501140751819385244e+01 1.638504676644994973e+01 -1.917240370491470358e+01 1.247520553797583531e+01 -6.477928323858337833e+00 -2.328243862115763285e+00 3.847136259136116898e+00 5.129270361217272090e+00 -2.049260984290765808e-01 -7.423855422541376647e+00 -1.285757746062774487e+01 1.751370113154840524e+01 5.439375499095171484e+00 6.433938485267924989e+03 2.000000000000000000e+00
-8.430292203130679285e-01 1.486878240063122902e+01 -1.945472508875655038e+01 -2.669090275022208303e+00 9.412434285526995836e+01 -3.767782287093976556e+00 -5.568478052159348657e+00 6.214463741703715627e+00 7.599941197133611048e+00 -2.941091700585643842e+00 -2.690441889846739709e+00 1.061073166982037685e+00 1.976070534532534007e+00 9.303907612626065582e-01 6.317811669620310568e+03 2.000000000000000000e+00
-2.983662417900011521e-01 7.136235067299880441e+00 -1.770726164550805848e+01 2.198041398367783827e+01 -1.616923116092532098e+01 -7.848087969092599536e+00 1.710642963623407953e+00 3.136412050850937661e+00 5.956793550952173888e+00 -7.118252367836348959e+00 -3.102198855703620417e+00 -1.917533680160946608e+00 1.271390686339734621e+01 4.909258643119144838e-01 6.713728611657914371e+03 2.000000000000000000e+00
-8.548423668006147613e-01 -1.423944087231426403e+00 3.018453797760860624e+01 -2.840420416685251581e+00 -5.109563825433921513e-01 6.509464018910719574e+00 -1.163348806776626354e+01 1.652233093184743140e+01 5.933451323370708685e+00 -6.143143812697670292e+00 -2.003952885691086294e+01 1.145340706480164172e+01 6.006151187903894240e+00 -1.631979679625688684e+00 6.308141457140530292e+03 2.000000000000000000e+00
-4.272108468749067911e-01 -6.876794713992432584e+00 1.238568275090887383e+01 1.186610824256925412e+01 -6.587102627269091570e+00 -5.712212384388419828e+00 1.349019468911035169e+01 4.807695234416621943e+00 3.840109530501153667e+00 6.616349730975935373e+00 1.898590470274511333e+01 -4.312603575657540378e-01 9.223079543141620817e+00 5.672074695453973581e-01 6.625901372225824161e+03 2.000000000000000000e+00
-1.188222515871495633e+00 -1.700411012689557078e+00 3.903222247799295719e+00 -5.228470766107800927e+00 -3.152258241212056999e-01 -5.115176237984386809e+00 -2.160133964231397030e+00 5.289221140665761212e+00 1.529056049077643920e+01 1.726207500894805791e-01 -8.508587207565732058e+00 -3.637386537530750696e-01 5.239077903907338740e-01 -6.065144583090726904e+00 6.087503659147292637e+03 2.000000000000000000e+00
-1.188193512033105970e+00 -1.700333767051634526e+00 3.903090910966212856e+00 -5.228489917326325731e+00 -3.153117721048060429e-01 -5.115336011031349273e+00 -2.160001637369637795e+00 5.291876254601235452e+00 1.508792279177374951e+01 1.725679828916105440e-01 -8.499540680179194396e+00 -3.608333480861418696e-01 8.304485197958129117e-01 -5.926855188636539040e+00 6.087524447233285173e+03 2.000000000000000000e+00
-1.188336728541657950e+00 -1.701001147049652662e+00 3.899661666832437756e+00 -5.233829609856303300e+00 -3.140249108532359723e-01 -5.134693487839823156e+00 -2.154185960189949789e+00 5.276874971284883920e+00 1.533647634553347849e+01 1.698724131706128015e-01 -8.312112519177704328e+00 -3.792758945687889072e-01 7.680051814325022930e-01 -6.167140667120752262e+00 6.087449488854010269e+03 2.000000000000000000e+00
-1.188505143522197605e+00 -1.699645244501756247e+00 3.909359002372334579e+00 -5.220474199923720526e+00 -3.171776679235377983e-01 -5.090233628852316450e+00 -2.166303093182767814e+00 5.321375251862582978e+00 1.542160639390092136e+01 1.771390047826424674e-01 -8.115723362103539174e+00 -3.265228049115343478e-01 4.850310392524078140e-01 -6.713612233342603375e+00 6.087338011467483739e+03 2.000000000000000000e+00
-1.188363224514268346e+00 -1.698890156678159347e+00 3.894613763796750838e+00 -5.237362714004475173e+00 -3.168985548939826091e-01 -5.105070845605742313e+00 -2.169585142757220364e+00 5.307508983138467862e+00 1.539692073574388687e+01 1.664957430470565825e-01 -8.052405285913785349e+00 -3.433115290766102223e-01 8.738712255250573602e-01 -6.310967074863626181e+00 6.087403147247252491e+03 2.000000000000000000e+00
-1.188450175122412356e+00 -1.699469729661344353e+00 3.907598899647544144e+00 -5.222539648346541163e+00 -3.171087495913484933e-01 -5.090877820325466985e+00 -2.167326696249228579e+00 5.318802960661174417e+00 1.536390703620187104e+01 1.757914358765276241e-01 -7.856568476699682613e+00 -3.294868534267967886e-01 3.636133377645938691e-01 -6.669591204161532616e+00 6.087352799835398400e+03 2.000000000000000000e+00
-1.188443715274490442e+00 -1.698838509952551368e+00 3.899596150201761535e+00 -5.231606242557433006e+00 -3.173628790159612745e-01 -5.093984184387515768e+00 -2.171270906696842751e+00 5.316321600565958150e+00 1.546182020128897427e+01 1.699632754992450312e-01 -8.336742846581707056e+00 -3.325612854872759816e-01 3.124509696707447048e-01 -6.741278129498532223e+00 6.087338964878181287e+03 2.000000000000000000e+00
-1.188442963602671876e+00 -1.700190060287724014e+00 3.891870515177441536e+00 -5.242795078421733201e+00 -3.145084292639766521e-01 -5.135709819672992005e+00 -2.158781930568877794e+00 5.279933024808422637e+00 1.544716278278874277e+01 1.641133040294758261e-01 -8.136304498114586892e+00 -3.764071288526113501e-01 6.984230815233198886e-01 -6.536244491655749833e+00 6.087361296408163980e+03 2.000000000000000000e+00
-1.188545604074872752e+00 -1.700416275538773725e+00 3.914858469348351910e+00 -5.214805597823689354e+00 -3.163959189133117578e-01 -5.095480406510533022e+00 -2.160490612061715776e+00 5.316026299392699883e+00 1.538962777679011928e+01 1.810896753423624772e-01 -8.151758520043573597e+00 -3.326981324170169563e-01 3.686895034676287430e-01 -6.791713363098331513e+00 6.087327794917770007e+03 2.000000000000000000e+00
-1.188557942603673645e+00 -1.701351943600837968e+00 3.916527446913027788e+00 -5.214310792353464841e+00 -3.147317608186708249e-01 -5.113720140837560990e+00 -2.151815765641051037e+00 5.299536390868120783e+00 1.493587523279414242e+01 1.821344256190786937e-01 -8.293148873883549044e+00 -3.523742221651501305e-01 3.546737026682900140e-01 -6.835757386149008852e+00 6.087317126038158676e+03 2.000000000000000000e+00
-1.188505462306727489e+00 -1.700899850561843119e+00 3.895888548140702845e+00 -5.238917256410668521e+00 -3.137284359083478691e-01 -5.141841603578402697e+00 -2.153721664564161031e+00 5.273679503218380304e+00 1.501144233246461113e+01 1.669592675429948658e-01 -8.504680691441528495e+00 -3.837084001104488218e-01 4.294767332920134129e-01 -6.747820268595340565e+00 6.087332784511283535e+03 2.000000000000000000e+00
-1.188579209588877639e+00 -1.699683219082682495e+00 3.912042141396942174e+00 -5.217737936511747776e+00 -3.170458547249788706e-01 -5.090725385281504423e+00 -2.164222329549190693e+00 5.326188544359514054e+00 1.512058533942659011e+01 1.790643642482879494e-01 -8.385896995444753088e+00 -3.214576138527207028e-01 6.800590688247027948e-01 -7.091970929922504219e+00 6.087279286837794643e+03 2.000000000000000000e+00
-1.188569354736847439e+00 -1.699022311016736175e+00 3.906270050533252824e+00 -5.223979571512654907e+00 -3.175966204034678109e-01 -5.088516357855299432e+00 -2.168939612602660105e+00 5.329052726179233979e+00 1.527763142154815945e+01 1.748801137285035390e-01 -8.331438860968155780e+00 -3.183223529366855375e-01 6.962961419025621712e-01 -7.186721201268459147e+00 6.087270217392631821e+03 2.000000000000000000e+00
-1.188611162765120799e+00 -1.700901645599079526e+00 3.896875318314942938e+00 -5.238274208880725702e+00 -3.135111431875624022e-01 -5.145733151499989333e+00 -2.151239477111177134e+00 5.278185437288090753e+00 1.536520583454178812e+01 1.676568084083711607e-01 -8.344298281277362506e+00 -3.795138605081117000e-01 8.982460435220606110e-01 -7.337463286794408290e+00 6.087254254898591171e+03 2.000000000000000000e+00
-1.188557169816044201e+00 -1.698741037658117126e+00 3.887811416833122369e+00 -5.246243141160835677e+00 -3.162259597412520606e-01 -5.120882297636748959e+00 -2.167183059455504601e+00 5.300937645811287346e+00 1.517041575415306731e+01 1.614662965869732569e-01 -8.438739924740850995e+00 -3.524484282616386355e-01 1.061646030143116315e+00 -7.132303625689737636e+00 6.087266716081767299e+03 2.000000000000000000e+00
-1.188619676329317532e+00 -1.700016622733992566e+00 3.913918642901315970e+00 -5.215924028767775944e+00 -3.166536885117253175e-01 -5.095347168626894074e+00 -2.160878768741431699e+00 5.325152326204342756e+00 1.570394578957566623e+01 1.804628501647792260e-01 -8.427008908537422016e+00 -3.230981729604412434e-01 1.189354440095903520e+00 -7.200626457758910526e+00 6.087263040703840488e+03 2.000000000000000000e+00
-1.188567915855272883e+00 -1.698595979379903254e+00 3.900474123273143245e+00 -5.230592109299024628e+00 -3.177323001849391981e-01 -5.091124387989964362e+00 -2.171667554571399705e+00 5.326371889228879830e+00 1.515186764091457583e+01 1.706479158831553933e-01 -8.580477812243001878e+00 -3.215899029701431155e-01 5.085363439784205131e-01 -7.319730321469001488e+00 6.087258289673873151e+03 2.000000000000000000e+00
-1.188577401605900752e+00 -1.699581185410486750e+00 3.888309137759371037e+00 -5.246829492808717355e+00 -3.150367211062481965e-01 -5.133813227797802803e+00 -2.161709144295857588e+00 5.287574307195023415e+00 1.538233132137670900e+01 1.615308124048014660e-01 -8.216386754093335298e+00 -3.682214566519089738e-01 6.964422526253019052e-01 -7.225351770563827714e+00 6.087263113637402967e+03 2.000000000000000000e+00
-1.188649698931470322e+00 -1.701663562779170302e+00 3.913211391295997377e+00 -5.219139227064341746e+00 -3.136728007960058462e-01 -5.131486061021296230e+00 -2.146331925523360162e+00 5.290014405848312506e+00 1.531648106403887333e+01 1.797438273858200097e-01 -8.533013177482464684e+00 -3.647632125440362638e-01 7.440086300442562139e-01 -7.266757746830058373e+00 6.087257117515045138e+03 2.000000000000000000e+00
-1.188615530846954149e+00 -1.699158300356575779e+00 3.906610373262229707e+00 -5.223635297507593478e+00 -3.175551601837648952e-01 -5.089717378794934355e+00 -2.168123562021999184e+00 5.328819842725020628e+00 1.552296485286610661e+01 1.751821858411971577e-01 -8.672982969862230718e+00 -3.186558461414658594e-01 7.002750281167638979e-01 -7.335298538175249128e+00 6.087255205098303122e+03 2.000000000000000000e+00
-1.188595178936261432e+00 -1.700074392639711052e+00 3.890655504281150812e+00 -5.244937977543044916e+00 -3.141680958161058856e-01 -5.142939852657598898e+00 -2.156370448503971637e+00 5.282428319459757660e+00 1.541060207774969903e+01 1.631854789524792571e-01 -8.504419915926559881e+00 -3.747961999992640569e-01 1.215843355840390494e+00 -7.450367746403774305e+00 6.087244215966618867e+03 2.000000000000000000e+00
-1.188642914894044944e+00 -1.701343626443823531e+00 3.901464185584438304e+00 -5.233314789651534404e+00 -3.131423744345750437e-01 -5.147285566803462942e+00 -2.147546131495217114e+00 5.278611094589619412e+00 1.524223702027255989e+01 1.710320319767554553e-01 -8.672817333129518858e+00 -3.791522348495576233e-01 1.273273646591994046e+00 -7.496515426714211117e+00 6.087241797088379826e+03 2.000000000000000000e+00
-1.188626627730018814e+00 -1.700397793586946760e+00 3.891970187339388154e+00 -5.243527125587856830e+00 -3.139838807000306375e-01 -5.145083190759227598e+00 -2.154561177207887646e+00 5.280639124133292839e+00 1.521631036101102019e+01 1.642020726431286937e-01 -8.731579068071908978e+00 -3.768902329494270842e-01 1.313837387766887632e+00 -7.437059820876277705e+00 6.087245217049663552e+03 2.000000000000000000e+00
-1.188701943292545193e+00 -1.701493404348366711e+00 3.914925789536145562e+00 -5.216705325528232073e+00 -3.143577797555602293e-01 -5.123273989707428200e+00 -2.148481344900096790e+00 5.300681025818151149e+00 1.517854065577327383e+01 1.810587289895231877e-01 -8.674802424193201134e+00 -3.524067783919207497e-01 1.350703240602777688e+00 -7.463968593453036426e+00 6.087237782363597034e+03 2.000000000000000000e+00
-1.188671719276690908e+00 -1.701740030204930809e+00 3.906786676023481508e+00 -5.227001483525532066e+00 -3.132473594881727275e-01 -5.142496125709563159e+00 -2.145982640951301867e+00 5.281923868659935906e+00 1.525597409486738520e+01 1.749853499394976308e-01 -8.632129768122318580e+00 -3.748726793386677469e-01 1.116987305549653087e+00 -7.344038166580038052e+00 6.087251205358312291e+03 2.000000000000000000e+00
-1.188682962915427410e+00 -1.701703954569909305e+00 3.914124052134344556e+00 -5.217882328272924752e+00 -3.148976196587756071e-01 -5.113650233920684407e+00 -2.153550678258641771e+00 5.309918431327271371e+00 1.533314301114594613e+01 1.786911334306569565e-01 -8.709004813071832274e+00 -3.392910626972911459e-01 1.288950220395367552e+00 -7.416190755731327577e+00 6.087239805656342469e+03 2.000000000000000000e+00
-1.188679743662324872e+00 -1.701706021391253820e+00 3.912702555556845763e+00 -5.219930129856662937e+00 -3.136091224008332179e-01 -5.133399166172221584e+00 -2.145825612270288563e+00 5.291617471097412206e+00 1.528478548700659623e+01 1.793294541108484130e-01 -8.521275534741141300e+00 -3.633877506122133449e-01 1.414460833443387466e+00 -7.491432333198146942e+00 6.087238128105967917e+03 2.000000000000000000e+00
-1.188606843638704502e+00 -1.699582920081696980e+00 3.902476285348253082e+00 -5.229028447406737001e+00 -3.150615261715630222e-01 -5.127606071737809579e+00 -2.153429419375223475e+00 5.298462010250249321e+00 1.515327599277726378e+01 1.714146102816354045e-01 -8.808644006246643343e+00 -3.517438457132964214e-01 1.339667793512512972e+00 -7.444821553579072493e+00 6.087235640070852241e+03 2.000000000000000000e+00
-1.188664485940769788e+00 -1.701227582306273245e+00 3.898722910173533229e+00 -5.236336687038367188e+00 -3.133027228485701365e-01 -5.148263555487393894e+00 -2.148875906574012173e+00 5.278016743345656181e+00 1.497085574195840607e+01 1.690777452577618689e-01 -8.916615236848091541e+00 -3.799205760558716505e-01 1.349668390540475826e+00 -7.542221121180650911e+00 6.087238874782739003e+03 2.000000000000000000e+00
-1.188635304735947917e+00 -1.700751439388657360e+00 3.895854986450843604e+00 -5.239416658709204810e+00 -3.136091036778335117e-01 -5.146230680271822955e+00 -2.151597551822554966e+00 5.280140897704590941e+00 1.528998557823559246e+01 1.669721159489269413e-01 -8.714523637123928523e+00 -3.775158642399187303e-01 1.394615827030179389e+00 -7.576945665292662113e+00 6.087235757286064654e+03 2.000000000000000000e+00
-1.188587118404796028e+00 -1.698804403258812323e+00 3.904785327650114546e+00 -5.225587862726900568e+00 -3.177584962295584292e-01 -5.088849665122896049e+00 -2.169629544096244533e+00 5.332209430067649691e+00 1.512971448025140653e+01 1.738756736806620906e-01 -8.656867717653694783e+00 -3.150610720274656384e-01 1.326662518595577600e+00 -7.322393665836705701e+00 6.087254673144139815e+03 2.000000000000000000e+00
-1.188550140967090885e+00 -1.697513186513042172e+00 3.887897923510688081e+00 -5.244659327625098122e+00 -3.166167269837459886e-01 -5.120590941908608862e+00 -2.166104526350823178e+00 5.303786472554607556e+00 1.519840338497418308e+01 1.626407565962128543e-01 -8.739667535271847143e+00 -3.491645123314615629e-01 1.298389833450620756e+00 -7.481829293345315435e+00 6.087236455245221805e+03 2.000000000000000000e+00
-1.188644527189818279e+00 -1.700182200057551052e+00 3.913771980222399360e+00 -5.216263690050075397e+00 -3.148736375623171213e-01 -5.121968083577677966e+00 -2.148574183433891616e+00 5.302735863534612903e+00 1.516913317192851984e+01 1.809956176700406039e-01 -8.734802285661851684e+00 -3.490346525541828115e-01 1.423638066504830935e+00 -7.440630521079593329e+00 6.087238917352613498e+03 2.000000000000000000e+00
-1.188684277150752866e+00 -1.702464156546928509e+00 3.911200979615318651e+00 -5.222620776658598807e+00 -3.150330391484819637e-01 -5.108816031495674537e+00 -2.158799816154599149e+00 5.314029340005808066e+00 1.537486658101643400e+01 1.752367257041203830e-01 -8.700983964874481558e+00 -3.346336946853504246e-01 1.446799612509188648e+00 -7.274988998586231936e+00 6.087249747468583337e+03 2.000000000000000000e+00
-1.188693948186327454e+00 -1.702087040317229905e+00 3.910713079483568944e+00 -5.222565518623222047e+00 -3.133834666054522433e-01 -5.137223610258010886e+00 -2.145671489569975776e+00 5.287774810875097486e+00 1.500878849550166017e+01 1.772654416811046407e-01 -8.871685766549299856e+00 -3.670523610883622001e-01 1.319417540712547021e+00 -7.382578568948168218e+00 6.087245613493519159e+03 2.000000000000000000e+00
-1.188631117816015381e+00 -1.700013155081185223e+00 3.889694240002306902e+00 -5.245856637368536468e+00 -3.143902949286336845e-01 -5.141889734079653884e+00 -2.157348584796790814e+00 5.283828046883773055e+00 1.520590439161357388e+01 1.625494801962743541e-01 -8.547056742167875143e+00 -3.731865676127451015e-01 1.237632834304071672e+00 -7.589102261309220943e+00 6.087234961069271776e+03 2.000000000000000000e+00
-1.188676352726570684e+00 -1.701710226435576567e+00 3.909307977274775414e+00 -5.224140977710682421e+00 -3.132866447619813144e-01 -5.139683873495273225e+00 -2.145505516722740591e+00 5.285564291429522221e+00 1.528201093906545971e+01 1.767964102924639014e-01 -8.561745779105113030e+00 -3.706648977141620560e-01 1.221265005743791932e+00 -7.560901571221639195e+00 6.087235286370547328e+03 2.000000000000000000e+00
-1.188608226581466365e+00 -1.699840397473226572e+00 3.896055254797841094e+00 -5.237487413261520786e+00 -3.145324178035555640e-01 -5.137087577762323498e+00 -2.154313191243707237e+00 5.288904763735986059e+00 1.533555724041284840e+01 1.666778711939977953e-01 -8.763546225438975767e+00 -3.643425435601194140e-01 1.169712282552086702e+00 -7.494470971166099282e+00 6.087235543165534182e+03 2.000000000000000000e+00
-1.188633109125136533e+00 -1.699642067759581154e+00 3.889143086085338208e+00 -5.246096739810166554e+00 -3.148075677814483053e-01 -5.137415145283823925e+00 -2.159485277418375482e+00 5.288025922833246462e+00 1.517994340095884276e+01 1.622599985172879233e-01 -8.717642647380767329e+00 -3.681927968369624882e-01 1.122432661516403751e+00 -7.717412549404043531e+00 6.087225638333422467e+03 2.000000000000000000e+00
-1.188607740136250035e+00 -1.698587864948791770e+00 3.894209451008899592e+00 -5.238586497253961305e+00 -3.148059426736352084e-01 -5.139686892206213997e+00 -2.153857665205704652e+00 5.286170463835264677e+00 1.500204373758133158e+01 1.682833525705477451e-01 -8.643297447586729021e+00 -3.717716657489130161e-01 1.186759312914849707e+00 -7.805278294152143026e+00 6.087220518809097484e+03 2.000000000000000000e+00
-1.188707957760036793e+00 -1.701640741121637435e+00 3.907181630135730277e+00 -5.226536485092645457e+00 -3.133851178400279269e-01 -5.140749500382577608e+00 -2.146411160315628397e+00 5.285025344499854505e+00 1.506503112639022213e+01 1.752619380144269379e-01 -8.617984878083147393e+00 -3.713911607387350711e-01 1.196087615162812812e+00 -7.755800929128128018e+00 6.087223983213203610e+03 2.000000000000000000e+00
