-1.172164528289652008e+00 -1.413980616371061094e-01 4.247460846678197122e+00 1.145355753597189885e+00 2.205873211369417497e+00 -1.903655628132690403e+00 2.616944337506333929e-01 7.325842544573035298e+00 4.379838807748574148e+00 -2.361962261674788621e+00 1.712755475623100043e+00 2.876258633063163650e+00 9.291470161076951229e+00 -1.441137446335751526e-01 5.977510208829768089e+03 2.000000000000000000e+00
5.757495070532529979e+01 -5.851142066393632746e+01 1.636100629682332608e+00 -2.862638223643234525e+01 2.444490901461306542e+00 -6.021006251063201198e+00 -2.471887204113655923e+00 -5.366454516906795646e+01 -5.334494022269210234e+01 -1.267503758373066391e+00 -1.601228274431178136e+02 -6.926919276401910519e-01 -2.389389788709439699e+01 -4.069000937699058085e+01 6.717611339134588889e+03 0.000000000000000000e+00
-1.075748104738512234e+00 1.215760615952791213e+01 5.696329259629013819e+00 1.385488802152899090e+01 1.980182430602023702e+00 4.737832057578931888e+00 6.585080703049599471e+00 1.423973553517706314e+01 4.041194042563945210e+00 -8.971065243851207294e-01 -3.281280940565933690e+01 1.000585595979761955e+01 9.273475075808027768e+00 -3.021082469285211736e-01 6.033852710300610852e+03 2.000000000000000000e+00
-1.172067518465699010e+00 -1.166948080205256338e-01 4.278512550425261907e+00 1.182350141949565892e+00 2.201995645222226905e+00 -1.890422829203902921e+00 2.883592668760202038e-01 7.341669180506569248e+00 4.377832905863058066e+00 -1.128450100890674435e+00 1.699451048668305209e+00 2.890749010670091046e+00 9.337691676525134099e+00 -1.471692260876743263e-01 5.977573610690315036e+03 2.000000000000000000e+00
-8.122820906275539654e-01 5.924545584055651659e+01 2.439154636287085509e+02 2.983124094653112479e+02 2.392609722103277079e+02 -1.565650789856078751e+00 2.969732940578395528e+02 8.678682267375107173e+00 3.347933089504112392e+00 -4.343413605878864132e+02 -4.967008278569623236e+00 4.433753435909271623e+00 6.996501065802249286e+00 -6.825212016311824614e-01 6.225191210580353072e+03 2.000000000000000000e+00
-1.429346616454814922e-01 1.979649142588736144e+00 1.970904149830628072e+01 8.910773914632303061e+00 -5.981957030116485718e+00 -1.794228427538591131e+00 1.035406747819561701e+01 7.155382718887831395e+00 2.532546957968041745e+00 1.617864829862164200e+01 -1.849345758371941884e+01 2.910512929379337255e+00 8.189251408541858623e+00 1.353549909309912813e+01 6.754534140984826081e+03 2.000000000000000000e+00
-1.172206745878950240e+00 -1.552026164428943200e-01 4.231057726977898170e+00 1.124516455158264483e+00 2.208095499146847995e+00 -1.911119394302998931e+00 2.469698447227671734e-01 7.316970721418066148e+00 4.380773094498373155e+00 -4.909465613061109401e+00 1.719405292639617722e+00 2.867921377754934387e+00 9.295878253042335615e+00 -1.425115845227153399e-01 5.977480974915844854e+03 2.000000000000000000e+00
-8.147522939618923044e-01 -1.140192978460438988e+00 1.666105509985102762e+00 -5.995450324253161156e+00 1.559973611863191678e+01 -6.691791948966665515e+00 -2.308667624710747379e+00 3.455369158536655050e+00 7.740791810832983622e+00 -1.775031407472303036e+00 1.441865674051824620e+01 -1.347677083237984075e+00 -1.112828484345217817e+01 -1.877732627932556397e+01 6.212290128330994776e+03 2.000000000000000000e+00
-1.001226890170554107e+00 2.610389233975602075e+00 -2.059477693715766833e+00 -7.271898556135230507e+00 2.559095981177727630e+00 -5.622497830778867112e+00 -2.532469021711640789e+00 3.912466911965992278e+00 8.258780956556693198e+00 -1.654648208546592114e+00 8.515456824970774052e-01 -7.217441882303866629e-01 -4.731419756200044624e+00 4.404756927224872776e+00 6.078994382155769017e+03 0.000000000000000000e+00
-7.897539043193563257e-01 1.479706634286255564e+02 -1.474636997285481641e+02 -6.033639373208952605e+00 9.948464540121224786e+01 -6.807676625585311392e+00 -2.363128371823297158e+00 3.491292688178423642e+00 5.148109634908338172e+00 -1.687820302483518553e+00 -3.220172246801813909e+00 -9.676058134825769041e-01 8.670089319136170047e+01 -7.588372141804543780e+00 6.233594978872984939e+03 2.000000000000000000e+00
-1.165087657726620263e+00 7.779572012380708834e+00 4.742876899168113169e+00 9.303649712902501534e+00 2.062985350918688621e+00 -1.560790136832282737e+00 8.107246528066795577e+00 7.678230555532951307e+00 4.410701688964788758e+00 5.036776081680052641e+00 1.510657270136130936e+00 3.231843218358632974e+00 9.254395411826287443e+00 -1.892079933342734055e-01 5.981916169818110575e+03 2.000000000000000000e+00
-1.170563940022525395e+00 2.778475603816942807e-01 4.551260659598024283e+00 1.688445481835012085e+00 2.156494715343472812e+00 -1.753180544445734679e+00 6.782377884858160622e-01 7.498163724622020965e+00 4.370393731243080282e+00 9.406552214314621851e-01 1.584152552493467425e+00 3.041086103771988736e+00 9.462450389764715197e+00 -1.741527837610770957e-01 5.978387086116213140e+03 0.000000000000000000e+00
-7.888178419521361118e-01 -6.320530337965221435e+01 1.089537174362057499e+02 4.030588817771492671e+01 1.037457614850980008e+02 2.254882107567866356e+01 1.524989218459633911e+01 3.296367500266056538e+01 3.331232762087684929e+00 4.176896223052712998e+01 -1.786686951397761014e+00 2.864677111928173758e+01 7.645507302935855343e+00 -8.320150199710110162e-01 6.236714175953487938e+03 2.000000000000000000e+00
-1.070554973124278053e+00 -4.257058622287163141e-02 1.035447318272231243e+00 4.150736390666803004e+02 2.554230323280970438e+00 -5.740124575156424491e+00 -1.999731104025710415e+00 3.820587117797311194e+00 7.732538252972409154e+00 -1.349664902786121612e+00 9.945391425976856103e-01 -7.614294436939842425e-01 -4.176164900896654899e+02 -2.097609512077185379e-01 6.037617269588956333e+03 2.000000000000000000e+00
-1.001207675871081948e+00 2.649326796070918810e+00 -2.098308016574754742e+00 -8.975469445459349771e+00 2.558891596570589844e+00 -5.622567473851550091e+00 -2.532653863150995388e+00 3.912327083455321208e+00 8.291424196894737975e+00 -1.654934835128067494e+00 8.512528526016430730e-01 -7.218989983837278412e-01 -3.079131770768632315e+00 6.094029141466498878e+00 6.078970386694201807e+03 2.000000000000000000e+00
-1.123436766350824900e+00 1.176652753105149385e+00 4.844998126973886876e+00 2.772974492159397286e+00 1.965492056297018841e+00 4.726876197968080895e+00 -4.435583924610498663e+00 1.402726350737488303e+01 4.291235448903799821e+00 -4.219011157942580859e+00 1.431065494920816361e+00 9.607466185096551925e+00 9.878395467992190149e+00 -1.202372176100317963e-01 6.006708594606661791e+03 2.000000000000000000e+00
-7.347290495095590845e-01 7.756885293034702755e+00 -1.773754538641674761e-01 1.379375992694474817e+01 2.598790021067919298e+01 5.671752591989526415e+00 5.705395224196543325e+00 1.508755056692361052e+01 3.390441164676517349e+00 -1.611209057957952551e+00 -7.144002906537639142e+00 1.088436700554603931e+01 1.485096655443425639e+01 3.524479042223087055e-01 6.276906190673409583e+03 2.000000000000000000e+00
-7.903534156321466719e-01 6.591798699054353117e-01 -1.535125337757517472e-01 -5.951933393428208596e+00 1.977221274619239111e+01 -6.807882444547526113e+00 -2.354274026541087750e+00 3.388395613186127697e+00 6.122915098860781669e+00 -1.716405396065783462e+00 -4.187069557978872147e+00 -1.060043184446164632e+00 8.776386935055361604e+00 -2.766408365008548920e+00 6.233872186212324777e+03 2.000000000000000000e+00
-5.847960974296271264e-01 -1.726909111715572820e+00 8.685295392305013351e+00 -1.473655399729137550e+01 2.593999484483271001e+00 -6.431385046738855582e-01 -1.386345814161198398e+00 8.254282185688566642e+00 3.318772870819917120e+00 2.791458485649128907e+00 -8.606525475568414407e+00 4.011385343466683295e+00 1.304707902304961564e+01 1.041788562206644464e+01 6.414381289572582318e+03 2.000000000000000000e+00
-1.172259380419407471e+00 -1.796692357372439985e-01 4.208202738680953736e+00 1.087796292513942387e+00 2.211990578290867759e+00 -1.923957657136394772e+00 2.223213147799970035e-01 7.301899815262533622e+00 4.381432446375170819e+00 -3.353882567145225035e+00 1.726847870180388433e+00 2.852659834750097101e+00 9.471070608593958440e+00 -1.403082106194686318e-01 5.977453584373381091e+03 2.000000000000000000e+00
-7.495712616479640600e-01 -5.336927161580045009e+01 6.346733586614109157e+01 1.644718716573650497e+01 6.521159845833292934e+01 -8.559655454005690167e-01 1.462306797160695204e+01 8.458319308085899380e+00 3.415904095328170520e+00 -1.292669453534307600e+01 -3.658743288619992029e+01 4.248601211118453236e+00 8.666833513298376701e+00 3.579976245662709888e-01 6.267633664200102430e+03 2.000000000000000000e+00
-7.494831866471249882e-01 3.797231933719497743e+00 1.901755987317639551e+01 2.944197945087922719e+01 1.544110901888941783e+02 -8.538712810717308255e-01 2.761848357714791291e+01 8.460595853334005767e+00 3.415879352479481490e+00 -2.330191644369050685e+00 -1.978561284822565991e+00 4.250850292453338675e+00 8.764321235765521578e+00 3.584015655698681302e-01 6.267630565152284362e+03 2.000000000000000000e+00
-2.780517996111821488e-01 -8.866281476043788246e+00 2.653710179171847372e+01 -9.032167984992092613e+00 3.684942950514655990e+01 -6.670635832155428879e+00 1.508555547239136807e+01 2.745072335737052338e+00 5.672427306071336162e+00 1.635192186191975594e+01 3.592358312878047855e+01 -2.355880332321240278e+00 1.667151133501591787e+01 1.956937524323563693e+01 6.666076904477388780e+03 2.000000000000000000e+00
-1.094886092889238327e+00 4.331141119618492907e-01 4.689426411056711319e-01 -3.275214060328412113e+00 2.440996439022688147e+00 -4.357898324624933650e+00 -1.974798000564274902e+00 5.047646369195589067e+00 4.536641207649454444e+00 -6.265564974364179029e+00 -1.844395642619069164e+01 8.051720887383886360e-01 8.773280322689188893e+00 -3.687831444502545630e-01 6.022018183458242675e+03 2.000000000000000000e+00
-8.637165840935272509e-01 3.132946999271108979e+00 -2.656259332284729435e+00 -2.188647386728552746e+01 2.472023099073135999e+00 8.382240017812575550e-01 -8.702117711650110721e+00 1.009916073776942724e+01 3.715256268460973121e+00 -1.670200950277971330e+00 -9.984968195427718740e+00 5.653453623509010484e+00 2.069916958714194521e+01 9.694690537660408225e+00 6.162261210441947696e+03 2.000000000000000000e+00
-7.345777019365071769e-01 1.020329394086867225e+01 -3.969262952181255688e+00 1.299046755915641960e+01 2.537619603888555631e+01 4.693449007208684520e+00 5.863086780363588879e+00 1.411085359023110009e+01 3.390656774495806935e+00 -8.428597430836750615e-01 -2.225245525668645197e+00 9.907901702474475769e+00 9.053264499708426172e+00 3.510357834672506727e-01 6.276978925574601817e+03 2.000000000000000000e+00
-1.172360056305524090e+00 -1.884981673633734645e-01 4.201668844788781776e+00 1.075553426189146622e+00 2.213065948113552839e+00 -1.924651513054237428e+00 2.120320756961139030e-01 7.301149303909102883e+00 4.380956125218267161e+00 -3.249102802783942145e+00 1.729213539296394098e+00 2.852090486542929959e+00 9.574844147023068075e+00 -1.395485888514055584e-01 5.977436094610472537e+03 2.000000000000000000e+00
-1.172527873773529183e+00 -1.501898366586985889e-01 4.239644761859232780e+00 1.134379500546582431e+00 2.205119580131686963e+00 -1.886338350545673892e+00 2.429627543855973071e-01 7.345222913317027036e+00 4.377817670195344846e+00 -3.448016905957751899e+00 1.717437622459669244e+00 2.897064273490004727e+00 9.934944314764940998e+00 -1.414337705254902766e-01 5.977365691605424217e+03 2.000000000000000000e+00
-1.172555189115576768e+00 -1.614145123864290654e-01 4.242318438092198107e+00 1.122160133161762774e+00 2.207182548611986928e+00 -1.890682729256657257e+00 2.345187640371458604e-01 7.341688705071226728e+00 4.376416672558508303e+00 -3.456437868816281345e+00 1.717515663160418926e+00 2.893243696375343621e+00 1.002275800995962385e+01 -1.424429565569009515e-01 5.977354882220897707e+03 2.000000000000000000e+00
-1.172477707149158555e+00 -1.577845935613498007e-01 4.239970181751619549e+00 1.121964720326591447e+00 2.208991257176734280e+00 -1.918439131210097681e+00 2.521860132071162552e-01 7.308585331563214105e+00 4.380683173417632581e+00 -3.909281761566466784e+00 1.718546337053299178e+00 2.858605610161345290e+00 1.002205128405494605e+01 -1.445566285027564124e-01 5.977349838179686230e+03 2.000000000000000000e+00
-1.172402755639978977e+00 -1.169677500799770897e-01 4.279148243090014070e+00 1.185027464894824245e+00 2.200919243410318415e+00 -1.875652664651565216e+00 2.817445400628570407e-01 7.358945849281179896e+00 4.376546730490781023e+00 -3.710978670797283829e+00 1.704695735570429527e+00 2.910240142485853720e+00 9.658576961262465232e+00 -1.463964714544558343e-01 5.977411148479835902e+03 2.000000000000000000e+00
-1.172540168119174275e+00 -1.702534410339103244e-01 4.230194871070356299e+00 1.107836315888569123e+00 2.208466185989741870e+00 -1.894251730488543117e+00 2.240578547891607097e-01 7.337108734058263693e+00 4.377054165087623794e+00 -4.105292399276461168e+00 1.721786403622245221e+00 2.888820460991074146e+00 1.025634849860174747e+01 -1.408001648041181941e-01 5.977324412082965864e+03 2.000000000000000000e+00
-1.172533738004599480e+00 -2.091615100380789793e-01 4.175734476625767577e+00 1.041476360400670265e+00 2.216296827484915521e+00 -1.936042700973078956e+00 1.901689746973193873e-01 7.286749165613069401e+00 4.382441574227419423e+00 -4.052177045699104418e+00 1.738731066558580229e+00 2.837835417841175545e+00 1.029798138621410253e+01 -1.367153087504583975e-01 5.977337373631380615e+03 2.000000000000000000e+00
-1.172649618843196961e+00 -8.768396043008737373e-02 4.273865224321142797e+00 1.212675761389957918e+00 2.197407741058708730e+00 -1.888237713281544217e+00 3.186988141654923945e-01 7.339358302495935682e+00 4.383091475435730189e+00 -4.227217267432165748e+00 1.706161171983439750e+00 2.889856521680402412e+00 1.066909629726432485e+01 -1.463094425917414731e-01 5.977294149170195851e+03 2.000000000000000000e+00
-1.172663375573603561e+00 -6.138156995452976467e-02 4.297739019222797552e+00 1.251451938336643144e+00 2.192633244331233744e+00 -1.864167180112069389e+00 3.393059540441717981e-01 7.367459775075667849e+00 4.380890707211687385e+00 -4.221102703103537301e+00 1.698135185063009978e+00 2.918572377708615662e+00 1.078408374637497680e+01 -1.476267046400207006e-01 5.977298754792034742e+03 2.000000000000000000e+00
-1.172613581659171622e+00 -9.011351804897660411e-02 4.266490921946315851e+00 1.207327653220075181e+00 2.197736385480883126e+00 -1.890795308730006230e+00 3.155728357273334672e-01 7.335780591257270444e+00 4.383977305486640219e+00 -4.127834482631340229e+00 1.708330122887412816e+00 2.886293987943485462e+00 1.078007353956962255e+01 -1.452763563430565785e-01 5.977286495200329227e+03 2.000000000000000000e+00
-1.172648562056471722e+00 -8.614158928065709930e-02 4.297452695959190550e+00 1.225053573701854859e+00 2.195673118331251672e+00 -1.860346128056724169e+00 3.114254177324674022e-01 7.374720176366424518e+00 4.377112768553820032e+00 -3.970303017625461894e+00 1.699115115491065753e+00 2.926174564946039780e+00 1.047319884012338598e+01 -1.475611152060922471e-01 5.977315358156834918e+03 2.000000000000000000e+00
-1.172593198744369625e+00 -1.219292189440741025e-01 4.284955089054011346e+00 1.179673900092487404e+00 2.201994258176747099e+00 -1.880642561966217263e+00 2.819704977890329367e-01 7.353578216037929494e+00 4.376063918210479464e+00 -3.769131738729390779e+00 1.704554027488234480e+00 2.904305974324246975e+00 1.041201209519969417e+01 -1.477834393768008570e-01 5.977311811935232981e+03 2.000000000000000000e+00
-1.172690702417851893e+00 -6.109998163615293354e-02 4.300585896695807264e+00 1.253024645311458407e+00 2.192256827564616817e+00 -1.859422274983436596e+00 3.379165554022723339e-01 7.373221542820457053e+00 4.380064107224570513e+00 -4.105782089132098633e+00 1.697374199968129327e+00 2.924500792125567461e+00 1.101773609033647361e+01 -1.476327482494715626e-01 5.977287666865713618e+03 2.000000000000000000e+00
-1.172613847438738421e+00 -1.492087104654339913e-01 4.256161227102539080e+00 1.137750280653784696e+00 2.206934691056115838e+00 -1.904509827133304967e+00 2.588464707648228114e-01 7.325335387857874636e+00 4.378482751314405341e+00 -4.368266563824840354e+00 1.714280751801541269e+00 2.875643475088016210e+00 1.055069313664789732e+01 -1.457330711155365166e-01 5.977293000550786019e+03 2.000000000000000000e+00
-1.172688762033715859e+00 -8.917278928641478308e-02 4.290420164602434916e+00 1.219439368936585666e+00 2.195539862572441603e+00 -1.857545449223718226e+00 3.053176319463933863e-01 7.377235911242734367e+00 4.377358840584623323e+00 -4.023467999030795106e+00 1.701542810828969632e+00 2.928956033244155766e+00 1.120944602042214200e+01 -1.460444746870508403e-01 5.977270964085470951e+03 2.000000000000000000e+00
-1.172636536313691247e+00 -1.892761510312853945e-01 4.204981335998792424e+00 1.073300956121627125e+00 2.213560493507329419e+00 -1.931746467106279397e+00 2.175120844722165103e-01 7.292246040867518708e+00 4.381831179598653314e+00 -4.067689218838349774e+00 1.730371484446698860e+00 2.842577010906633284e+00 1.087098952254631179e+01 -1.406480242383418566e-01 5.977283901688902915e+03 2.000000000000000000e+00
-1.172656053072124838e+00 -1.299235502450232227e-01 4.246483523408221217e+00 1.159331449390701430e+00 2.201294459923044844e+00 -1.874831920820479336e+00 2.606128276321991732e-01 7.356535324757373928e+00 4.378873820964960473e+00 -4.282014997403091883e+00 1.715618339931095804e+00 2.908667281315931774e+00 1.094688328570010150e+01 -1.409930004316947427e-01 5.977270543726306641e+03 2.000000000000000000e+00
-1.172561080455686966e+00 -1.822755392385038420e-01 4.187936689473604090e+00 1.075075851962410400e+00 2.212413915328033553e+00 -1.935491122937175401e+00 2.217291740088827290e-01 7.285210616542571849e+00 4.385324004042357338e+00 -4.310506968622728863e+00 1.734524610267193623e+00 2.835776369384764184e+00 1.078104057185426612e+01 -1.380683691589890960e-01 5.977289605558990843e+03 2.000000000000000000e+00
-1.172649059734024446e+00 -6.664479833557541977e-02 4.301208155778723174e+00 1.247530642928195377e+00 2.192856118165211754e+00 -1.856810211882510053e+00 3.308045502740626365e-01 7.377054015789032526e+00 4.378949449272597327e+00 -4.157510989411857594e+00 1.697384220298311375e+00 2.928471455942375012e+00 1.089457831707780677e+01 -1.474966072248669602e-01 5.977292414782144078e+03 2.000000000000000000e+00
-1.172578279082707287e+00 -2.069312145662189073e-01 4.177999937156999799e+00 1.044831742927728735e+00 2.215523214523533735e+00 -1.930727951007484622e+00 1.908324262846875508e-01 7.292653393370862602e+00 4.382022855867324651e+00 -4.096439429808502730e+00 1.738491751973801458e+00 2.843855774835816863e+00 1.098516034601340507e+01 -1.363693278482821514e-01 5.977286698782520034e+03 2.000000000000000000e+00
-1.172608643879851975e+00 -1.550087028034340675e-01 4.197092940351750734e+00 1.110902601953419166e+00 2.206813263323044172e+00 -1.914505883789068275e+00 2.419306035187628046e-01 7.307394181923143606e+00 4.385784965814105263e+00 -4.295953282297036324e+00 1.730624436899647733e+00 2.858750353756795981e+00 1.102922567537686405e+01 -1.370771929913700282e-01 5.977267916787175636e+03 2.000000000000000000e+00
-1.172634988678935786e+00 -1.191299724419726952e-01 4.231070195021114699e+00 1.162451265978315051e+00 2.201812722962940061e+00 -1.905143350890975862e+00 2.837631916677237909e-01 7.318001151953651195e+00 4.385926278473765372e+00 -4.248536249065010040e+00 1.719668979120881458e+00 2.868769021733754254e+00 1.117651657296592660e+01 -1.411959117807377040e-01 5.977260347441811973e+03 2.000000000000000000e+00
-1.172634031661617726e+00 -1.657180718928198127e-01 4.224324268321171694e+00 1.106518015105805164e+00 2.209942747655388118e+00 -1.924009307965896420e+00 2.434659639361410333e-01 7.300603489854056605e+00 4.382236731207060032e+00 -4.149737731165902055e+00 1.724036787158415018e+00 2.850688494540414286e+00 1.111186337208497221e+01 -1.426024660037765179e-01 5.977265200611442197e+03 2.000000000000000000e+00
-1.172665265757008468e+00 -1.341292239936546227e-01 4.213311543882433341e+00 1.140382991992303641e+00 2.203401286848486684e+00 -1.905235880220316869e+00 2.634128963455910077e-01 7.317521967635630453e+00 4.385856577964397651e+00 -4.155169724852562751e+00 1.725176734697754011e+00 2.868865734641848242e+00 1.107028627069727023e+01 -1.385821367119775271e-01 5.977264268050928877e+03 2.000000000000000000e+00
-1.172656186232299724e+00 -1.209094784708638209e-01 4.246653634057772742e+00 1.167830514729118585e+00 2.201574647160065901e+00 -1.886713955647821184e+00 2.766854074781554540e-01 7.343324102769525297e+00 4.378290012681779864e+00 -4.294371090177005357e+00 1.715702132537835656e+00 2.894677293061570289e+00 1.118755568836105674e+01 -1.417957321027411566e-01 5.977256393423094778e+03 2.000000000000000000e+00
-1.172690017080335600e+00 -1.185331505937521485e-01 4.282821781450226517e+00 1.182039313799147839e+00 2.201488252412774127e+00 -1.882621851925451839e+00 2.864989764935271799e-01 7.350283456096827983e+00 4.377158983765181866e+00 -4.252320089465229991e+00 1.705536442803247565e+00 2.900931972790000035e+00 1.113302868275163782e+01 -1.475691410453063290e-01 5.977263371437323258e+03 2.000000000000000000e+00
-1.172734428886286429e+00 -1.193256617380056700e-01 4.270123107317038702e+00 1.179146718895294876e+00 2.199806421378162291e+00 -1.867033822219622330e+00 2.740089190990755430e-01 7.367047610192848595e+00 4.376711686793166578e+00 -4.294896201146668702e+00 1.708763491429564407e+00 2.918950284541691698e+00 1.120829098564581905e+01 -1.440715132533895715e-01 5.977261931975124753e+03 2.000000000000000000e+00
-1.172663605076598170e+00 -1.568338043316528374e-01 4.207908704538363409e+00 1.110816186483931878e+00 2.208227800963727283e+00 -1.925557873570608924e+00 2.490302355609297913e-01 7.295758639802944145e+00 4.385683807844953819e+00 -4.102683105217847626e+00 1.728001981346222626e+00 2.846186858795604291e+00 1.127356025082155533e+01 -1.400026953969709664e-01 5.977260375230550380e+03 2.000000000000000000e+00
-1.172631089372430546e+00 -1.459384389197172505e-01 4.222843991522494456e+00 1.128364577245076772e+00 2.206697862418428802e+00 -1.920439980470836971e+00 2.617275073453960155e-01 7.302251256051148331e+00 4.384928942711771249e+00 -4.385182225545424473e+00 1.723445323848707078e+00 2.852501313530108273e+00 1.115807104161457630e+01 -1.417211000881257177e-01 5.977261211994948098e+03 2.000000000000000000e+00
-1.172653316178671190e+00 -6.531871862716831512e-02 4.283355555438301820e+00 1.242093391099064137e+00 2.193003343040883735e+00 -1.868308993108231064e+00 3.338060129518330421e-01 7.361263895925736378e+00 4.382654937237904669e+00 -4.191593729306390514e+00 1.702424345680898954e+00 2.912479575864968417e+00 1.113655940831393742e+01 -1.455834693012417747e-01 5.977277052434839788e+03 2.000000000000000000e+00
-1.172626438794335701e+00 -1.320253893764647690e-01 4.221584069010140716e+00 1.144347186535702887e+00 2.203983543532250788e+00 -1.912431329594411977e+00 2.715954829811086935e-01 7.309879654150372552e+00 4.386087800098541933e+00 -4.340915626081132572e+00 1.722945021521141040e+00 2.860560522359717250e+00 1.113490177921833535e+01 -1.405338943241654370e-01 5.977261620572253378e+03 2.000000000000000000e+00
-1.172679488639005285e+00 -1.280277063740048460e-01 4.233694793012031887e+00 1.152665700918105829e+00 2.203679402252935127e+00 -1.911901261149350217e+00 2.788881238942262919e-01 7.311347233121887612e+00 4.385180948377681354e+00 -4.258292700160222211e+00 1.719502461242807589e+00 2.861728405983530621e+00 1.114246713792072363e+01 -1.424912730531489591e-01 5.977261761714877139e+03 2.000000000000000000e+00
-1.172623449977904242e+00 -1.726980774366028426e-01 4.204636393435361441e+00 1.091473653688766587e+00 2.211034391299654622e+00 -1.931303793006385217e+00 2.345317994890940838e-01 7.290646781542524657e+00 4.384408542548693610e+00 -4.347931720583206427e+00 1.729853108838045994e+00 2.840894898052830353e+00 1.121872055272719670e+01 -1.401993249921280604e-01 5.977263789011938570e+03 2.000000000000000000e+00
-1.172728304692242540e+00 -1.526599955232676997e-01 4.241673803819809407e+00 1.131671356465586031e+00 2.204998836577499066e+00 -1.882472930945710443e+00 2.400813933530833721e-01 7.349518463406498725e+00 4.377086593316826146e+00 -4.218973494689101322e+00 1.718353464646756423e+00 2.901453276522817148e+00 1.129996447925900682e+01 -1.413232553606250941e-01 5.977255971054917609e+03 2.000000000000000000e+00
-1.172727300218355140e+00 -1.100852399172415896e-01 4.257448077776968098e+00 1.181756055470254863e+00 2.200709448357354159e+00 -1.898492320578270665e+00 2.972615557132682884e-01 7.326961318719630079e+00 4.384431485198565959e+00 -4.327798673982881539e+00 1.713166793063769733e+00 2.877219208269670148e+00 1.131057216891474582e+01 -1.447702387564282489e-01 5.977255645200235449e+03 2.000000000000000000e+00
-1.172714744894312711e+00 -6.450918097556032627e-02 4.291967435990252433e+00 1.245338555947273385e+00 2.193245937107966448e+00 -1.869716947141127239e+00 3.378668835781772350e-01 7.360402770261798011e+00 4.381916607963087351e+00 -4.318309000262872566e+00 1.700232374664007562e+00 2.911330350294559999e+00 1.139005364535978693e+01 -1.472082100072565347e-01 5.977268445105538376e+03 2.000000000000000000e+00
-1.172688377497612455e+00 -1.563218717475707564e-01 4.217873908653680282e+00 1.114704626322896353e+00 2.208328009135676950e+00 -1.924386954384937898e+00 2.518248130396029683e-01 7.298149573896666631e+00 4.384487237613702959e+00 -4.352114775742492725e+00 1.725448840318133392e+00 2.848373982900604950e+00 1.142894209356483337e+01 -1.415127081693839106e-01 5.977252677718348423e+03 2.000000000000000000e+00
-1.172656808556558072e+00 -1.304305716724910580e-01 4.216011942599235951e+00 1.145650893562027761e+00 2.202606935748997241e+00 -1.901041088162176651e+00 2.658627375291390260e-01 7.322291357383649668e+00 4.385575299956963491e+00 -4.332268342017295382e+00 1.724355038644005633e+00 2.873749731533583596e+00 1.148477854300843326e+01 -1.384803912607174559e-01 5.977247631236228699e+03 2.000000000000000000e+00
-1.172639047064568896e+00 -1.533758520259738689e-01 4.211997082532087155e+00 1.116065224705649728e+00 2.207765627321212065e+00 -1.924245096488499840e+00 2.530484963152286326e-01 7.297382437362460728e+00 4.385589629938546175e+00 -4.273970622816555043e+00 1.726809679524960783e+00 2.847731707208814189e+00 1.139677822902113746e+01 -1.404184138941768634e-01 5.977254549563662295e+03 2.000000000000000000e+00
-1.172652748668830069e+00 -1.479153648800516918e-01 4.220720759195135230e+00 1.125244165125577567e+00 2.206966796860094782e+00 -1.921304498122702986e+00 2.596557729898504308e-01 7.301142997762484654e+00 4.385028021933075060e+00 -4.287096130332737509e+00 1.724217349662364729e+00 2.851387040741992784e+00 1.149054523914944248e+01 -1.414737747823416880e-01 5.977250314139356306e+03 2.000000000000000000e+00
